jest1, j_std1, jest2, j_std2, jest3 ,j_std3, jest4, j_std4
0.1,1.4162e-015,0.01,1.6835e-016,0.1,1.4162e-015,0.01,1.6835e-016
0.099333,0.049123,0.01,0.0019519,0.085,0.016591,0.0098039,3.1241e-017
0.10471,0.064983,0.010077,0.0029447,0.073857,0.018477,0.0096154,2.2736e-016
0.1015,0.063358,0.010057,0.0033722,0.066875,0.022984,0.009434,1.5967e-016
0.10167,0.067325,0.0097963,0.0031091,0.059333,0.020147,0.0092593,1.1628e-016
0.1003,0.069171,0.0099818,0.0039268,0.0553,0.022415,0.0090909,1.9092e-017
0.10064,0.066624,0.010286,0.0048674,0.050455,0.0219,0.0089643,0.0007982
0.097083,0.066113,0.010018,0.0046426,0.048833,0.023671,0.0087719,9.7193e-017
0.10092,0.064696,0.009931,0.0047625,0.045462,0.023181,0.0086207,1.3364e-016
0.099857,0.062367,0.0097966,0.0045476,0.0415,0.020519,0.0084915,0.00053598
0.10167,0.065297,0.0098667,0.0049896,0.039933,0.021218,0.0083333,1.6835e-016
0.099,0.062247,0.010115,0.0055211,0.03825,0.021063,0.0082295,0.00073277
0.10029,0.060334,0.010048,0.0055871,0.035824,0.019441,0.0080806,0.00051004
0.10122,0.062991,0.010048,0.0056217,0.0345,0.019123,0.0079365,2.6034e-017
0.097526,0.060279,0.010188,0.0059916,0.034263,0.020811,0.0078438,0.00069842
0.1016,0.056971,0.010062,0.0060459,0.03245,0.019036,0.0077385,0.00084181
0.097048,0.056784,0.0098333,0.0058081,0.031952,0.019397,0.0076061,0.00067726
0.098545,0.054188,0.0097015,0.0056172,0.029909,0.018022,0.0074925,0.00066715
0.10143,0.056802,0.01,0.0061303,0.030043,0.018482,0.0073676,0.00046504
0.099125,0.053359,0.010246,0.0065194,0.029625,0.019306,0.0073043,0.00091522
0.1006,0.053405,0.0098143,0.0059626,0.02728,0.016543,0.0072143,0.0010081
0.098577,0.051985,0.010239,0.0065714,0.027077,0.017226,0.0070563,0.00044539
0.10048,0.051581,0.010069,0.0066406,0.027111,0.017308,0.0069722,0.00062082
0.098964,0.052021,0.010014,0.0065103,0.025964,0.01674,0.006863,0.00043319
0.098931,0.050053,0.010351,0.007119,0.025345,0.017104,0.0067973,0.00073942
0.10127,0.050978,0.010013,0.0067231,0.025533,0.01665,0.0066933,0.00059599
0.10161,0.049512,0.0098026,0.0064355,0.024774,0.017022,0.0065789,1.2236e-016
0.10016,0.048978,0.010039,0.0067575,0.023531,0.016155,0.0065584,0.00091648
0.099303,0.045084,0.010141,0.0069351,0.023667,0.015341,0.0064615,0.00080962
0.10191,0.047756,0.010165,0.0069041,0.023235,0.015457,0.0063797,0.00079937
0.10337,0.047474,0.0099,0.0065313,0.023686,0.015572,0.0063125,0.00088211
0.10211,0.047156,0.0096543,0.00668,0.022111,0.015282,0.0061728,1.3017e-016
0.10205,0.04793,0.010061,0.0069169,0.021757,0.01481,0.006122,0.00054511
0.096868,0.042178,0.0097952,0.0069354,0.022211,0.015569,0.0060843,0.00085023
0.099974,0.044654,0.0097024,0.0066719,0.020692,0.014484,0.0059881,0.0006514
0.097475,0.043853,0.0098471,0.006938,0.022175,0.015484,0.0059059,0.00052587
0.09761,0.043076,0.010349,0.0071137,0.021195,0.01502,0.0058488,0.00063625
0.10071,0.04375,0.010161,0.0068088,0.021,0.014374,0.0057816,0.00062894
0.09986,0.043564,0.0105,0.0074226,0.020442,0.014331,0.0057727,0.0010128
0.099091,0.042262,0.01,0.0069652,0.021,0.014528,0.0056404,0.00050224
0.10176,0.040989,0.0098556,0.0067367,0.020156,0.01412,0.0056333,0.00092683
0.099304,0.043081,0.010033,0.0069399,0.019761,0.013717,0.0055165,0.0004912
0.099894,0.03991,0.010239,0.0070699,0.019894,0.013726,0.0055543,0.0011343
0.10023,0.040601,0.010065,0.007216,0.019083,0.013997,0.0053978,0.00048063
0.099776,0.039874,0.0099681,0.0070444,0.018959,0.012865,0.0053617,0.00067181
0.10298,0.040388,0.0096842,0.0066574,0.0187,0.013118,0.0053053,0.00066474
0.099804,0.03979,0.01001,0.007284,0.019608,0.014228,0.0052396,0.00056997
0.10006,0.040298,0.010227,0.0073655,0.019712,0.013972,0.0052062,0.00072752
0.099792,0.039663,0.01048,0.0074413,0.018472,0.012657,0.0051531,0.00072009
0.099,0.037981,0.0099697,0.0070005,0.018759,0.012727,0.005101,0.00071282
0.10004,0.038563,0.01047,0.0072548,0.018327,0.01239,0.00507,0.00083414
0.10002,0.038999,0.010238,0.0071901,0.017982,0.012833,0.0050099,0.00076501
0.10063,0.037982,0.010471,0.007257,0.018789,0.013402,0.004951,0.00069185
0.099328,0.037765,0.010126,0.0070056,0.017845,0.012448,0.0049126,0.00075015
0.099,0.037731,0.010087,0.0071189,0.018678,0.01337,0.0048654,0.00074294
0.1006,0.037237,0.0098952,0.0070051,0.01705,0.012428,0.004819,0.00073586
0.098656,0.037451,0.0098585,0.0070505,0.017508,0.01209,0.0047453,0.0005162
0.10003,0.034494,0.0098598,0.0068007,0.017097,0.012123,0.004729,0.00072211
0.1,0.036788,0.010398,0.0072642,0.016635,0.012008,0.0046574,0.00050664
0.1008,0.036864,0.01022,0.0073603,0.017063,0.011631,0.0046606,0.0008177
0.099062,0.035587,0.010418,0.0073481,0.016508,0.011929,0.0046273,0.00085898
0.099242,0.035916,0.0097838,0.0067246,0.016712,0.012064,0.0045946,0.00089683
0.10143,0.035085,0.010089,0.0070966,0.016731,0.011638,0.0045089,0.00063008
0.10101,0.033644,0.010088,0.0071185,0.015779,0.011346,0.0044425,0.00039557
0.10248,0.035437,0.0097105,0.0068125,0.016362,0.011207,0.0044386,0.00067777
0.10133,0.035206,0.010035,0.0071121,0.016986,0.011737,0.0043739,0.0004758
0.099254,0.034505,0.01,0.0074415,0.016183,0.011601,0.0043534,0.00060835
0.10111,0.033974,0.010009,0.0070762,0.016764,0.011931,0.0042906,0.00038204
0.10108,0.034814,0.010271,0.0070075,0.016137,0.011469,0.0042627,0.00046371
0.1008,0.033669,0.0099832,0.0070074,0.01623,0.011596,0.0042941,0.00095414
0.099973,0.033243,0.010025,0.0068286,0.015427,0.010783,0.0042,0.00052625
0.099868,0.033074,0.010074,0.0069083,0.015447,0.011012,0.0041983,0.0007366
0.10053,0.032465,0.0096885,0.0067669,0.015961,0.011068,0.0041393,0.00057843
0.10074,0.033231,0.010114,0.0069139,0.015013,0.01098,0.0041301,0.00072462
0.099785,0.03386,0.0099113,0.0069106,0.015949,0.011029,0.0041048,0.000762
0.09935,0.032079,0.010368,0.0069611,0.015487,0.010365,0.004056,0.00066732
0.10047,0.032775,0.010071,0.0071006,0.01542,0.010782,0.0040079,0.00056007
0.10173,0.032131,0.009874,0.0069106,0.015427,0.01025,0.004,0.0007018
0.099241,0.031042,0.0099922,0.0067609,0.015373,0.010382,0.0039375,0.00049336
0.10074,0.032213,0.010178,0.0066989,0.015048,0.010562,0.0039612,0.00080895
0.099365,0.031468,0.010054,0.0067435,0.014824,0.010169,0.0038923,0.00059435
0.10029,0.031594,0.010214,0.0068896,0.014919,0.010547,0.0038626,0.00058981
0.099494,0.029691,0.010235,0.0068585,0.014862,0.010092,0.0038561,0.00071582
0.10059,0.032033,0.0097744,0.0068368,0.014693,0.0098864,0.0038271,0.00071043
0.10051,0.030049,0.0098134,0.007102,0.01536,0.0099874,0.0037761,0.00057661
0.10093,0.030568,0.010274,0.0067446,0.015278,0.010124,0.0037704,0.00069991
0.1,0.031778,0.010051,0.0066589,0.014857,0.010137,0.00375,0.00073197
0.10152,0.030683,0.010285,0.006838,0.014543,0.0099894,0.003708,0.00072795
0.10052,0.029275,0.010029,0.0067955,0.015032,0.010067,0.0036812,0.00064586
0.10179,0.030254,0.0098489,0.0066276,0.015043,0.009851,0.0036691,0.00071618
0.099147,0.030287,0.0099571,0.006661,0.014716,0.010295,0.0036571,0.00084122
0.10009,0.030678,0.0097872,0.0066549,0.014208,0.0092837,0.003617,0.00070602
0.099835,0.029457,0.0098732,0.0069192,0.014876,0.0099027,0.0035915,0.0007686
0.099367,0.029816,0.0097762,0.0067385,0.014296,0.0093858,0.0035944,0.00087956
0.10027,0.029562,0.0099722,0.0066639,0.014424,0.0097607,0.0035694,0.00081631
0.10045,0.029811,0.0098138,0.0064694,0.01448,0.0099312,0.0034966,0.00057527
0.099663,0.028189,0.0099521,0.0067658,0.014208,0.0096183,0.0035137,0.00077624
0.099784,0.02924,0.0097415,0.0064114,0.014373,0.0093305,0.0034422,0.00052562
0.10033,0.029842,0.0097973,0.0066768,0.014738,0.0099803,0.0034527,0.0007051
0.099,0.03019,0.0095101,0.0063208,0.014346,0.0094157,0.0034497,0.00078892
0.098381,0.028291,0.010127,0.0067186,0.014114,0.0094023,0.0034067,0.0006957
0.098085,0.02748,0.010325,0.0068137,0.01417,0.0095326,0.003351,0.00051169
0.10014,0.029437,0.01002,0.0066362,0.01457,0.0096429,0.0033355,0.00054878
0.098963,0.028587,0.010176,0.0065905,0.013593,0.0090245,0.0033333,0.00071334
0.099385,0.02788,0.010253,0.0063945,0.013917,0.0093819,0.0033182,0.00067763
0.0993,0.027839,0.010052,0.0068635,0.014009,0.0091196,0.0032839,0.0006096
0.1003,0.027629,0.0099167,0.0066983,0.013748,0.0086423,0.00325,0.00053471
0.099991,0.028947,0.01028,0.0066441,0.01383,0.0095404,0.0032866,0.0007996
0.10076,0.027526,0.010285,0.0066334,0.01415,0.0094002,0.0032152,0.00056411
0.099649,0.027085,0.010239,0.0064773,0.014114,0.0091422,0.0032138,0.0007141
0.09973,0.026184,0.0099125,0.0063604,0.013739,0.0089724,0.0031937,0.00065222
0.099905,0.026833,0.010006,0.006718,0.014034,0.0093993,0.0031988,0.00075536
0.10074,0.027047,0.0096975,0.0063764,0.013632,0.0088949,0.0031235,0.00047695
0.099305,0.028252,0.0098834,0.0066582,0.014102,0.0090969,0.0031595,0.00079499
0.10017,0.026182,0.01025,0.0065939,0.014134,0.0094707,0.0030915,0.00050862
0.09965,0.025986,0.0098667,0.0062418,0.013567,0.0086148,0.0031091,0.00073845
0.099802,0.026006,0.010361,0.0065182,0.013388,0.0086785,0.0030723,0.00059969
0.099885,0.027258,0.0099341,0.0065785,0.013451,0.008582,0.0030479,0.00056579
0.09865,0.026929,0.0099345,0.0064759,0.013724,0.0090602,0.0030952,0.00083375
0.10009,0.027439,0.010355,0.0065269,0.013516,0.0089812,0.0030237,0.00061748
0.1002,0.027046,0.0097706,0.0064068,0.013328,0.0084268,0.0030176,0.00066665
0.09973,0.026208,0.010082,0.0064461,0.013524,0.0086343,0.0029942,0.00063707
0.098898,0.025598,0.00975,0.0064608,0.013402,0.0087838,0.0029767,0.00063337
0.10097,0.026004,0.0099075,0.0060826,0.013531,0.0088023,0.002948,0.00057543
0.10082,0.025386,0.010011,0.006458,0.012845,0.0085044,0.002954,0.00067557
0.099477,0.026326,0.010046,0.0063598,0.013815,0.0088569,0.00292,0.00059631
0.099321,0.026286,0.010239,0.0062137,0.013198,0.0086224,0.0029261,0.00069098
0.099,0.024216,0.010023,0.0063574,0.013773,0.0084091,0.002887,0.00058957
0.10033,0.026076,0.0098258,0.0061444,0.013383,0.0086872,0.002882,0.00063669
0.099239,0.025503,0.010246,0.0063642,0.013321,0.0084135,0.0028547,0.00058299
0.099422,0.025675,0.0098556,0.0062068,0.013504,0.008308,0.0028444,0.00060522
0.10065,0.026125,0.0099724,0.0062878,0.013574,0.0085104,0.0028619,0.00077537
0.09938,0.026673,0.0098132,0.0063307,0.013285,0.0084019,0.0028242,0.00064587
0.10062,0.026135,0.010148,0.0062612,0.012804,0.0078946,0.0027978,0.0005953
0.099266,0.025047,0.009913,0.0061926,0.013137,0.0086605,0.0027554,0.00045334
0.10075,0.024876,0.0099784,0.006261,0.013143,0.0079464,0.0028162,0.00081228
0.10031,0.024867,0.0099032,0.0062058,0.013532,0.0084601,0.0027258,0.00044846
0.10115,0.025596,0.010326,0.0062925,0.013261,0.0084793,0.0027273,0.00053235
0.099972,0.024223,0.009766,0.0061076,0.013196,0.0083819,0.0027287,0.00060282
0.1005,0.025342,0.010021,0.0061887,0.013243,0.0080288,0.002709,0.00062312
0.099103,0.024236,0.0097368,0.0059889,0.013234,0.008145,0.0027158,0.00066073
0.099726,0.024381,0.0096597,0.0061445,0.013199,0.0080812,0.0027225,0.00073335
0.10169,0.024528,0.009849,0.0059096,0.013259,0.0081087,0.0026615,0.00054351
0.099541,0.024393,0.009829,0.006053,0.013209,0.0084704,0.002658,0.00058721
0.10001,0.023794,0.0096907,0.0061317,0.013342,0.0082618,0.0026753,0.00070409
0.099893,0.024352,0.010395,0.0063158,0.012767,0.0080836,0.0026154,0.00051051
0.10146,0.023365,0.010235,0.0062309,0.012874,0.0080902,0.002648,0.0006969
0.099046,0.024155,0.010132,0.0061826,0.012592,0.0077116,0.0025939,0.00052972
0.099059,0.024051,0.010394,0.0061236,0.012484,0.007592,0.0025909,0.00057238
0.10094,0.023948,0.0094925,0.0059225,0.012922,0.0077197,0.0025879,0.00061112
0.099303,0.023581,0.01017,0.0060422,0.012755,0.0079094,0.002555,0.00052177
0.10136,0.024023,0.0098408,0.0060135,0.013263,0.0079982,0.0025522,0.00056383
0.099803,0.023725,0.010332,0.0063437,0.013121,0.008117,0.0025693,0.0006762
0.098766,0.023727,0.0099754,0.006039,0.012873,0.0081459,0.002532,0.00057906
0.1004,0.023759,0.0098284,0.0060066,0.013101,0.0079721,0.0025735,0.0007965
0.10084,0.023241,0.0098195,0.0060915,0.013019,0.0075482,0.0025171,0.00061238
0.10035,0.023463,0.010087,0.0061009,0.012317,0.007726,0.0024854,0.00052883
0.10013,0.023119,0.0096232,0.0057391,0.013111,0.0074435,0.0024928,0.00060646
0.1004,0.022265,0.0098462,0.0059841,0.012975,0.0079529,0.0025,0.00067341
0.10135,0.022438,0.010024,0.0062287,0.012037,0.0072782,0.0025072,0.00073266
0.10047,0.022963,0.0098524,0.0061332,0.012964,0.0076476,0.0024667,0.00063342
0.099741,0.023042,0.0099336,0.0060292,0.013151,0.0078411,0.0024265,0.0005163
0.10047,0.023387,0.0098632,0.0060432,0.012671,0.0072799,0.002434,0.00059216
0.10006,0.022655,0.010169,0.0061108,0.012696,0.0077701,0.0024225,0.00058938
0.10069,0.022889,0.010103,0.0061595,0.012621,0.0073187,0.0023972,0.00056936
0.099571,0.023268,0.0096558,0.005883,0.012665,0.0074131,0.0024,0.00061988
0.098959,0.021694,0.0098426,0.0058592,0.012439,0.0073867,0.0023935,0.0006336
0.099814,0.023395,0.0099447,0.0058919,0.012826,0.0073568,0.0023502,0.00045875
0.1002,0.022384,0.010096,0.0061396,0.012104,0.0074985,0.002344,0.00047869
0.099994,0.022248,0.010123,0.0060105,0.012603,0.0072795,0.0023516,0.00055531
0.099606,0.02163,0.0096864,0.0057827,0.012674,0.0074946,0.0023455,0.00057063
0.099477,0.021822,0.010023,0.0059748,0.012534,0.0073276,0.0023756,0.0007068
0.10064,0.022622,0.010131,0.0060263,0.011972,0.0068809,0.0023198,0.00054781
0.098916,0.021703,0.010143,0.0058555,0.012438,0.0074953,0.002287,0.00044641
0.099385,0.022447,0.0098795,0.00578,0.012374,0.0071048,0.0023304,0.00065516
0.10038,0.022632,0.010076,0.0057955,0.012694,0.0073125,0.0022933,0.00055795
0.10005,0.021348,0.010124,0.005633,0.012779,0.0072663,0.0023142,0.00066362
0.099758,0.021511,0.010053,0.005891,0.012423,0.0072885,0.0022731,0.00055303
0.1003,0.021644,0.01,0.0059355,0.012514,0.0073674,0.0022807,0.00061434
0.098429,0.021605,0.010288,0.0058409,0.012147,0.0069054,0.0022664,0.00059648
0.09893,0.021312,0.0099174,0.0055827,0.012843,0.0074165,0.0022304,0.00049274
0.10041,0.021853,0.0098398,0.0057744,0.012226,0.0069781,0.0022511,0.00060636
0.10118,0.021318,0.010198,0.0061596,0.01238,0.0075033,0.0022543,0.00064646
0.099335,0.021781,0.0096309,0.0055498,0.01241,0.0073107,0.0022618,0.00069598
0.098275,0.020945,0.0098718,0.0057553,0.01228,0.0072253,0.002188,0.00046555
0.099821,0.022647,0.010077,0.0060698,0.012137,0.0071397,0.0022043,0.00056603
0.099979,0.022154,0.009911,0.0057178,0.012319,0.0068806,0.0021737,0.00048021
0.10056,0.021219,0.009692,0.0056192,0.012448,0.0071637,0.0021814,0.00054572
0.10007,0.02109,0.0097353,0.005754,0.012171,0.0072059,0.0021555,0.00047618
0.10061,0.02172,0.010059,0.00558,0.012196,0.0069038,0.0021799,0.00060023
0.10096,0.021821,0.010087,0.0056066,0.011995,0.0069162,0.00215,0.00052307
0.099776,0.021337,0.0097676,0.0055955,0.012173,0.0069411,0.0021743,0.00063538
0.10146,0.02127,0.009905,0.0055473,0.012091,0.0068705,0.0021405,0.00054966
0.099783,0.021141,0.01035,0.0057536,0.012258,0.0067975,0.0021564,0.0006565
0.10109,0.02118,0.009918,0.0056096,0.012121,0.0069706,0.0021107,0.00049842
0.10069,0.020176,0.0099184,0.0056983,0.012225,0.0067746,0.0021061,0.0005124
0.10154,0.021061,0.010134,0.0056428,0.012065,0.0067765,0.0020854,0.00046069
0.10045,0.020935,0.0097045,0.0056598,0.011802,0.0067159,0.002081,0.00047591
0.099527,0.021226,0.0099476,0.0057023,0.012369,0.0069226,0.0020927,0.00055078
0.09949,0.020415,0.0098514,0.0054159,0.012402,0.0068716,0.0021044,0.00064068
0.10141,0.020452,0.009728,0.0054277,0.012059,0.0067224,0.002104,0.00068531
0.099209,0.02031,0.010247,0.0057166,0.012044,0.0067833,0.0020677,0.0005442
0.10036,0.021113,0.009754,0.0054354,0.012126,0.0066199,0.0020437,0.00048259
0.098024,0.021302,0.0103,0.0056048,0.012269,0.0068825,0.0020474,0.00052576
0.10071,0.020492,0.010201,0.0055799,0.012057,0.0066394,0.0020236,0.00046279
0.10051,0.020195,0.010251,0.0057302,0.01201,0.0064688,0.0020314,0.00052164
0.099645,0.018767,0.010043,0.0058805,0.012057,0.0067393,0.0020156,0.00049038
0.099604,0.020319,0.010039,0.0056517,0.011925,0.0066091,0.0020389,0.00059582
0.09969,0.0202,0.0099496,0.0053601,0.012376,0.0067048,0.0020039,0.0005013
0.10109,0.02051,0.0097645,0.005485,0.012238,0.0070577,0.0020077,0.00054081
0.10004,0.021354,0.010127,0.0059307,0.012088,0.0065136,0.0020038,0.00057797
0.10046,0.020537,0.010169,0.0055792,0.01181,0.0066293,0.0020192,0.00062132
0.10004,0.020055,0.010023,0.0055129,0.011995,0.0066501,0.0019924,0.00056014
0.099142,0.020332,0.010065,0.0055041,0.011826,0.0064903,0.0019924,0.00058223
0.099913,0.020557,0.0098068,0.0056149,0.012384,0.0068574,0.0019735,0.00056921
0.10043,0.02049,0.0099019,0.0055006,0.0122,0.006767,0.0019623,0.00052857
0.10011,0.020095,0.010041,0.0052762,0.012081,0.006372,0.0019586,0.00053931
0.099559,0.01945,0.0099925,0.0053255,0.011874,0.006344,0.0019401,0.00049819
0.10059,0.019905,0.010216,0.0057099,0.011964,0.0065506,0.0019403,0.00052265
0.10034,0.019572,0.0098587,0.0053549,0.012147,0.0066462,0.0019257,0.00049449
0.10016,0.02009,0.0096778,0.0053033,0.01236,0.0069174,0.0019222,0.00053235
0.10009,0.019665,0.010266,0.005531,0.012407,0.0068434,0.0019114,0.00049084
0.099837,0.019621,0.0094963,0.0053305,0.01222,0.0065625,0.0019449,0.00061724
0.099526,0.020048,0.010227,0.0058024,0.011728,0.0063344,0.001956,0.00066418
0.10105,0.020384,0.010084,0.0052736,0.01176,0.006138,0.0019343,0.00064394
0.10005,0.020202,0.010353,0.0055159,0.011822,0.0064242,0.0018909,0.00050935
0.10011,0.019433,0.010192,0.0053951,0.011576,0.00645,0.0018986,0.0005548
0.09975,0.019095,0.010181,0.0054749,0.012414,0.0065737,0.0018953,0.00058659
0.099352,0.019813,0.010036,0.0051778,0.012021,0.006453,0.0018921,0.00057272
0.1001,0.018698,0.010154,0.0055625,0.011915,0.0064689,0.001853,0.00046357
0.099545,0.019993,0.01005,0.0054395,0.012294,0.0066445,0.0018679,0.00055897
0.10012,0.01922,0.010064,0.005433,0.011678,0.0063936,0.0018256,0.00040331
0.1001,0.019444,0.010344,0.0055091,0.011886,0.0062679,0.001883,0.00063505
0.099798,0.019957,0.0099611,0.0053537,0.01192,0.006449,0.0018799,0.00062222
0.10087,0.019563,0.0099683,0.005136,0.011883,0.0065903,0.0018239,0.00049416
0.10052,0.019103,0.010242,0.005328,0.012112,0.0063734,0.0018386,0.00053728
0.099751,0.018811,0.010045,0.0053649,0.011685,0.0063832,0.0018357,0.00054616
0.10051,0.019177,0.010084,0.0055414,0.012368,0.0065368,0.0017909,0.00040958
0.10026,0.019278,0.0097743,0.0053343,0.011864,0.0065752,0.0018125,0.00050957
0.09941,0.018883,0.0099481,0.0054347,0.011996,0.0062465,0.001827,0.00057113
0.099506,0.019548,0.010034,0.0053779,0.011951,0.0058935,0.0018276,0.00058853
0.098817,0.018066,0.0099175,0.0052357,0.011959,0.0060689,0.0018179,0.00057694
0.10016,0.018744,0.0099966,0.0051526,0.011822,0.0061718,0.0018116,0.00059504
0.10004,0.018464,0.010085,0.0054635,0.011649,0.0060885,0.0017713,0.00046619
0.099703,0.018442,0.01,0.0051905,0.011643,0.0062245,0.0017823,0.00052084
0.10114,0.019256,0.0098407,0.0053071,0.011636,0.0061892,0.0017627,0.00047481
0.10023,0.01928,0.010057,0.0052314,0.012008,0.0063249,0.001777,0.00057881
0.1004,0.018185,0.010074,0.0053433,0.011611,0.0060999,0.0017677,0.00052594
0.099972,0.01899,0.0098725,0.0054184,0.011526,0.0060815,0.0018154,0.00066574
0.10006,0.018177,0.0099599,0.005012,0.011768,0.0060715,0.0017391,0.00049178
0.10044,0.018967,0.010003,0.0050114,0.011808,0.00628,0.0017433,0.00049993
0.099547,0.018344,0.0098173,0.0050366,0.011766,0.0060468,0.0017442,0.00051895
0.099833,0.019019,0.010132,0.0052323,0.011751,0.0062937,0.0017517,0.00055593
0.099322,0.019149,0.010056,0.0050724,0.011764,0.0063422,0.0017096,0.000439
0.098931,0.01901,0.0099408,0.0055145,0.011714,0.0060819,0.0017105,0.00048369
0.099635,0.018425,0.010118,0.0053164,0.011823,0.0060288,0.0017475,0.00058599
0.1005,0.018455,0.010016,0.0051425,0.011847,0.0063909,0.0017222,0.00052995
0.10032,0.018442,0.0098567,0.0049503,0.011927,0.0060117,0.0017036,0.00048853
0.1,0.017464,0.0099253,0.0051656,0.01197,0.006153,0.0017175,0.00056412
0.10006,0.018261,0.010003,0.0052347,0.011682,0.0058576,0.0017217,0.00058797
0.099838,0.01765,0.010042,0.0053279,0.011442,0.0059059,0.0017097,0.00056916
0.099256,0.017433,0.0098392,0.0048729,0.011571,0.0060109,0.0016881,0.00052246
0.10004,0.018446,0.01016,0.0050694,0.011566,0.0060285,0.0016538,0.00042716
0.10084,0.018693,0.010157,0.0053219,0.011795,0.006148,0.0016965,0.00057215
0.098784,0.017727,0.0099045,0.0052414,0.011465,0.0059683,0.0016656,0.00047764
0.0999,0.01781,0.0099524,0.0050975,0.011759,0.006211,0.0016508,0.00044467
0.099587,0.017104,0.0099114,0.0049685,0.011679,0.0058172,0.0016677,0.00051318
0.10069,0.018594,0.010338,0.0052351,0.01143,0.0058067,0.0016404,0.00044186
0.099725,0.018204,0.010179,0.005272,0.011711,0.0060166,0.0016604,0.00053777
0.10035,0.018117,0.0097774,0.004818,0.011715,0.0061165,0.0016803,0.00060087
0.099276,0.018308,0.010009,0.0047835,0.011356,0.0059636,0.0016156,0.00042768
0.099449,0.017975,0.010308,0.0049757,0.012116,0.0060698,0.0016667,0.00060578
0.10002,0.018047,0.010043,0.0052134,0.011462,0.0060691,0.0016366,0.00050362
0.099665,0.018245,0.010204,0.0050561,0.011619,0.005991,0.0015944,0.00037651
0.10061,0.017286,0.0099907,0.0052566,0.011692,0.0059222,0.0016111,0.00045295
0.10016,0.017585,0.010206,0.0051065,0.011464,0.0058756,0.0016123,0.00047116
0.09969,0.017361,0.0099509,0.0051615,0.011594,0.0060208,0.0016166,0.00053397
0.10026,0.018009,0.010061,0.005005,0.011954,0.0060213,0.0016086,0.0004869
0.099399,0.016746,0.010085,0.005174,0.011491,0.0055971,0.001625,0.0005449
0.099577,0.017819,0.010146,0.0050738,0.01163,0.0057545,0.0015927,0.00046543
0.099411,0.016782,0.010061,0.0050346,0.011249,0.0055679,0.0015727,0.00041392
0.098832,0.017679,0.009719,0.0049731,0.011867,0.0057405,0.0015921,0.00050823
0.10033,0.017001,0.010114,0.0049019,0.011728,0.0058104,0.0015843,0.00049814
0.099639,0.018395,0.0098258,0.0048818,0.011184,0.0058267,0.0016186,0.00059697
0.099965,0.017238,0.010072,0.0049144,0.011758,0.0059416,0.0015719,0.00046767
0.099655,0.017637,0.0099433,0.005074,0.011666,0.0057288,0.001603,0.00056375
0.10012,0.017565,0.0099405,0.0050571,0.011457,0.0058006,0.0015804,0.00054937
0.1003,0.017156,0.01008,0.005077,0.011486,0.0058897,0.0015638,0.0004812
0.10021,0.017063,0.0097337,0.0049636,0.011474,0.0057332,0.0015562,0.00047105
0.10117,0.017556,0.010047,0.0050131,0.011507,0.0056365,0.0015457,0.0004517
0.099651,0.016973,0.010082,0.0048912,0.011783,0.0058028,0.0015412,0.00045037
0.099426,0.01774,0.01022,0.0049382,0.011463,0.0057675,0.0015484,0.00048403
0.10074,0.017524,0.010249,0.0049638,0.011296,0.0055045,0.0015234,0.00041946
0.10086,0.017076,0.010055,0.0049642,0.011503,0.0057123,0.0015481,0.00052211
0.099465,0.016931,0.010282,0.0049097,0.011579,0.0056535,0.0015436,0.00050408
0.10002,0.016601,0.0098522,0.0049765,0.011663,0.0055775,0.001513,0.00042538
0.099645,0.017806,0.0099335,0.0050326,0.011458,0.0054216,0.0015405,0.00051655
0.099563,0.016848,0.0099741,0.0050597,0.011503,0.0057317,0.001513,0.00046826
0.10012,0.016486,0.010256,0.0049465,0.01162,0.0056661,0.0015489,0.00055659
0.099615,0.017528,0.010074,0.0048682,0.011553,0.0055656,0.0015501,0.00056845
0.1,0.017461,0.00996,0.0047746,0.011249,0.0053864,0.0015114,0.00051263
0.10021,0.017283,0.010011,0.0049122,0.011369,0.0056466,0.0015356,0.00058053
0.099638,0.016853,0.010037,0.0049279,0.011332,0.0056677,0.0015142,0.00050774
0.10025,0.016837,0.010068,0.0050884,0.011542,0.0055981,0.0015014,0.00048349
0.10011,0.016898,0.0098418,0.0048458,0.011317,0.0056426,0.0015085,0.0005122
0.10003,0.017083,0.010031,0.0050394,0.0115,0.0055964,0.0014986,0.00049602
0.10005,0.01688,0.010197,0.0048686,0.011235,0.0056035,0.0014831,0.00048037
0.099936,0.01731,0.010073,0.0048886,0.011369,0.0056577,0.0014986,0.00051505
0.099518,0.017023,0.010187,0.0049596,0.011518,0.0057162,0.0014944,0.0005286
0.10075,0.017147,0.009727,0.0049603,0.011194,0.0057449,0.0014986,0.00056124
0.099705,0.01707,0.010028,0.0050178,0.011225,0.0054891,0.0014722,0.00047409
0.10065,0.0168,0.010008,0.0049765,0.011446,0.0056454,0.0014681,0.00048875
0.10114,0.016766,0.010017,0.0049457,0.01142,0.0056137,0.0015028,0.00058016
0.10083,0.016731,0.010055,0.0048351,0.011192,0.005374,0.0014793,0.00053467
0.10034,0.016749,0.009989,0.0047588,0.011091,0.0054976,0.0014231,0.00038555
0.10033,0.017277,0.010096,0.0046798,0.011356,0.0054836,0.0014164,0.00035434
0.10045,0.017105,0.01032,0.0049389,0.011766,0.0056347,0.0015,0.0006149
0.10033,0.016736,0.0099564,0.0046984,0.011686,0.0058723,0.0014305,0.00042562
0.10043,0.01639,0.010049,0.0049424,0.011204,0.0052593,0.0014538,0.00049965
0.10004,0.016085,0.0099051,0.0046719,0.011556,0.0055157,0.0014499,0.00051284
0.10068,0.016612,0.010059,0.0049807,0.011348,0.0054643,0.0014243,0.00043828
0.099055,0.016917,0.0099623,0.0048208,0.011411,0.0054119,0.0014313,0.0004674
0.09937,0.01636,0.0099355,0.0048691,0.011694,0.0055438,0.0014382,0.0005087
0.099643,0.015648,0.010137,0.0047652,0.011561,0.00553,0.0014343,0.00052133
0.10022,0.016066,0.0098422,0.0047375,0.011295,0.0053399,0.0014572,0.00055457
0.10011,0.016368,0.009912,0.0047111,0.011015,0.0052624,0.0014213,0.00050559
0.099855,0.015938,0.010027,0.0048667,0.011459,0.005304,0.0014149,0.00046832
0.09994,0.016589,0.010008,0.0048736,0.011575,0.0053463,0.001435,0.00052623
0.10019,0.016201,0.01014,0.0048792,0.011459,0.005571,0.001418,0.00050709
0.0995,0.016049,0.010269,0.0048507,0.011308,0.0054468,0.0013879,0.00042009
0.099913,0.016739,0.010039,0.0047856,0.011254,0.0053251,0.0014079,0.00049799
0.10149,0.016353,0.010202,0.0047218,0.011336,0.0052525,0.0014173,0.00051459
0.099677,0.016176,0.0099843,0.0047473,0.011415,0.0052663,0.0014215,0.00054406
0.09982,0.01594,0.010209,0.0047223,0.011355,0.0053312,0.0013995,0.00050047
0.10031,0.016259,0.0095599,0.0045351,0.011537,0.0053728,0.001388,0.00046543
0.10026,0.015985,0.010148,0.0048376,0.01125,0.0053272,0.0014052,0.0005153
0.098249,0.01638,0.010096,0.0047747,0.011082,0.0050727,0.001399,0.00050792
0.09995,0.015877,0.0099664,0.0049416,0.011547,0.0055161,0.0013695,0.00044101
0.10009,0.015828,0.010062,0.0048178,0.011152,0.0053922,0.0013479,0.00040338
0.10021,0.016401,0.0098843,0.0044295,0.011154,0.0052331,0.001347,0.00039364
0.099374,0.015863,0.010208,0.00466,0.011583,0.005545,0.0013641,0.00045151
0.099145,0.016325,0.0099258,0.0045457,0.011176,0.0053117,0.0013581,0.00045802
0.10066,0.0162,0.010232,0.0048412,0.011256,0.0053346,0.0013393,0.00039848
0.10028,0.015662,0.010214,0.0048194,0.011241,0.0051848,0.0013461,0.0004272
0.10051,0.015529,0.010025,0.0046943,0.011169,0.0052577,0.0013629,0.00047933
0.10036,0.015508,0.010144,0.0047291,0.011363,0.005194,0.0013595,0.00047812
0.099704,0.015745,0.010301,0.0046048,0.01139,0.005325,0.001346,0.00046526
0.099915,0.015797,0.0099068,0.0048223,0.011111,0.0049883,0.0013451,0.00045672
0.09987,0.016111,0.010015,0.0046799,0.011473,0.0054882,0.0013593,0.00053515
0.099757,0.015868,0.010143,0.0045921,0.011525,0.0054155,0.0013383,0.00045444
0.10091,0.015333,0.010127,0.0045994,0.010963,0.005389,0.00134,0.00046596
0.10017,0.014433,0.0099002,0.0046498,0.010994,0.0050467,0.0013042,0.00037401
0.10033,0.015995,0.009995,0.004597,0.011157,0.0051139,0.0013134,0.00043972
0.099983,0.015483,0.010233,0.004601,0.011246,0.0052024,0.0013151,0.00043782
0.099972,0.015454,0.010205,0.0045075,0.011359,0.0051734,0.0013292,0.00048041
0.10011,0.015111,0.009958,0.0044801,0.011208,0.0054537,0.0013185,0.0004477
0.10048,0.015422,0.0099926,0.0045764,0.011042,0.0051027,0.0013227,0.00046516
0.10075,0.016013,0.0097912,0.0045724,0.011169,0.0051441,0.0013194,0.00046402
0.098763,0.015489,0.0098603,0.0047987,0.011397,0.0052982,0.0013064,0.00043805
0.1006,0.015383,0.010122,0.0047183,0.011209,0.004964,0.0013252,0.0005145
0.10019,0.015869,0.009939,0.0045681,0.011501,0.0052303,0.0013122,0.00046657
0.1003,0.015494,0.010229,0.0047692,0.011481,0.0052987,0.001326,0.00050464
0.099583,0.015748,0.0099515,0.0045509,0.011199,0.0052988,0.0012961,0.0004401
0.099962,0.015694,0.0097409,0.004415,0.011144,0.0053122,0.0013002,0.00045728
0.10001,0.015093,0.010205,0.0045606,0.011081,0.005113,0.001285,0.00042533
0.10055,0.015441,0.0099181,0.0046226,0.011003,0.0050203,0.0012771,0.00042516
0.10078,0.0153,0.010118,0.0046526,0.011283,0.005052,0.0012957,0.00047787
0.099728,0.015496,0.0099832,0.0046742,0.011126,0.0050665,0.0012566,0.00036721
0.10064,0.015422,0.010038,0.0044661,0.010925,0.0050155,0.0012967,0.00049191
0.099676,0.016189,0.0099881,0.0045267,0.011436,0.0051605,0.0012625,0.00040069
0.099883,0.015216,0.00995,0.0043574,0.010963,0.0049711,0.0013,0.00052127
0.099899,0.015268,0.009962,0.0043784,0.011295,0.0052,0.0012518,0.00038519
0.10026,0.015774,0.0099573,0.0045228,0.011257,0.0050719,0.0012607,0.00041727
0.099368,0.015633,0.010184,0.0046693,0.011373,0.0051123,0.00126,0.00042252
0.099459,0.015514,0.0096887,0.0044947,0.011153,0.0051409,0.0012571,0.00042152
0.099792,0.014876,0.0099106,0.0045496,0.011061,0.0048909,0.0012541,0.00042053
0.10035,0.015361,0.010331,0.004685,0.011186,0.0051347,0.00127,0.00048882
0.1002,0.014934,0.0098689,0.0045472,0.011398,0.0049616,0.0012389,0.00039319
0.09989,0.014975,0.0099136,0.0045897,0.011183,0.0050922,0.001264,0.00047517
0.099432,0.015265,0.009986,0.004411,0.011161,0.0051784,0.0012821,0.00052925
0.099743,0.015219,0.0099465,0.0043238,0.010831,0.0050425,0.0012163,0.00034879
0.099751,0.015726,0.0098933,0.0044762,0.011163,0.0050357,0.0012599,0.00049326
0.099925,0.015084,0.0099769,0.0045736,0.011028,0.0049931,0.0012384,0.00042563
0.099714,0.015296,0.010157,0.0047239,0.011116,0.0051701,0.0012633,0.00051039
0.10034,0.015061,0.0098779,0.0043665,0.010907,0.0048453,0.0012396,0.00044076
0.099644,0.01534,0.010126,0.004527,0.010977,0.004926,0.0012529,0.00048777
0.10009,0.014971,0.009961,0.0046387,0.011225,0.0047753,0.0012362,0.00044425
0.099459,0.014801,0.0098856,0.0044651,0.011329,0.0050336,0.0012128,0.00039056
0.099672,0.015212,0.0099315,0.0045223,0.011163,0.0048931,0.0012557,0.00050821
0.09947,0.014786,0.010023,0.0042405,0.011373,0.0050549,0.0012278,0.00044121
0.10008,0.015194,0.0099136,0.0045608,0.011073,0.0049687,0.0012341,0.00046127
0.10017,0.015308,0.0097234,0.0042182,0.011439,0.0050525,0.0012109,0.00042349
0.10038,0.015271,0.0098937,0.0043452,0.010786,0.0048322,0.0012262,0.00048673
0.099193,0.014954,0.0099233,0.0044904,0.011347,0.0049896,0.0012438,0.00052676
0.10012,0.015096,0.0097815,0.0044182,0.011206,0.0049988,0.0012275,0.00046713
0.099527,0.014785,0.010101,0.0044281,0.011032,0.0050988,0.0012,0.00043156
0.099636,0.015018,0.010101,0.0043284,0.011219,0.0048592,0.001204,0.00043517
0.10019,0.014629,0.0099843,0.0044662,0.011107,0.0049035,0.0012148,0.00046495
0.10035,0.014972,0.0098504,0.004329,0.010935,0.0049243,0.0012121,0.00046391
0.099493,0.015355,0.0102,0.0045183,0.010968,0.0048632,0.0012071,0.00044697
0.10106,0.015256,0.010122,0.0044832,0.011148,0.0048628,0.0011956,0.00042509
0.10081,0.014411,0.0099224,0.004491,0.010993,0.0048962,0.0012129,0.00047987
0.099703,0.014689,0.0098451,0.0043508,0.011297,0.0050357,0.0011903,0.00042321
0.10073,0.014584,0.010013,0.0044627,0.011216,0.0048701,0.0011832,0.00042313
0.099601,0.014755,0.009967,0.00434,0.010976,0.0048611,0.001185,0.00045461
0.1001,0.014505,0.010015,0.0042284,0.010812,0.0049846,0.0012088,0.00047924
0.10029,0.014924,0.0098421,0.0045687,0.011139,0.0048282,0.0011842,0.000441
0.099204,0.014985,0.0099322,0.0042708,0.010949,0.0048779,0.0011772,0.00041858
0.099995,0.014322,0.010022,0.0043831,0.011182,0.0046041,0.0011834,0.00048962
0.10082,0.014771,0.010072,0.0044766,0.010722,0.0047093,0.0011678,0.00040606
0.099345,0.014819,0.010061,0.0043866,0.011176,0.00516,0.0011891,0.00048043
0.099697,0.014169,0.0099588,0.0043884,0.010998,0.0048373,0.0011627,0.00041579
0.10057,0.014121,0.010165,0.0045217,0.011137,0.0048328,0.0011905,0.00047198
0.10018,0.014564,0.0098985,0.0044328,0.011175,0.0049793,0.0011706,0.00043345
0.10017,0.014721,0.010123,0.0042233,0.010893,0.0047529,0.0011616,0.00041744
0.10041,0.01423,0.0098516,0.0043834,0.010962,0.0046845,0.0011527,0.00040082
0.10019,0.014369,0.010058,0.0044779,0.01109,0.0048017,0.001176,0.00046889
0.099616,0.014242,0.010154,0.004433,0.011,0.0047876,0.001167,0.00044413
0.10059,0.015011,0.010098,0.0045072,0.011043,0.0047422,0.0011432,0.00040435
0.10002,0.014196,0.0098102,0.0043452,0.011142,0.0048907,0.0011258,0.00035193
0.099878,0.014226,0.0098723,0.0043887,0.011005,0.0047092,0.0011638,0.00046047
0.099714,0.014453,0.0099151,0.0044085,0.011028,0.0047907,0.0011338,0.00040774
0.10022,0.014425,0.009964,0.0041612,0.011037,0.0049325,0.0011525,0.00044496
0.099465,0.014488,0.0099958,0.0041493,0.011103,0.0048981,0.0011501,0.00046373
0.10016,0.014506,0.0097046,0.0042968,0.011049,0.0048228,0.0011435,0.00043379
0.09926,0.014158,0.0099663,0.0042833,0.010879,0.0046815,0.0011284,0.00040353
0.10027,0.015176,0.0099811,0.0041285,0.011186,0.0048293,0.0011176,0.00036993
0.099979,0.014197,0.010122,0.0043284,0.010998,0.0045912,0.0011405,0.00044029
0.099938,0.014054,0.0099205,0.0043289,0.010885,0.0048023,0.0011444,0.00046234
0.10006,0.014628,0.010048,0.0041159,0.011115,0.0047126,0.0011566,0.00048124
0.099598,0.014369,0.010163,0.0042025,0.010669,0.0047656,0.0011208,0.00040928
0.099367,0.013998,0.0099044,0.0042324,0.011452,0.00482,0.0011476,0.00046183
0.099577,0.014749,0.010224,0.0043772,0.011002,0.0048346,0.0011286,0.00042572
0.099886,0.013512,0.0099669,0.0042459,0.011119,0.0047505,0.0011263,0.00043482
0.10046,0.013904,0.0098616,0.0043116,0.010938,0.0047559,0.001124,0.00045319
0.10011,0.014355,0.0099031,0.0041797,0.011009,0.0046798,0.0011093,0.00041543
0.099658,0.014193,0.01021,0.0042682,0.011175,0.0048916,0.0011029,0.0003835
0.10003,0.014489,0.0099179,0.0041958,0.01083,0.0048181,0.0011068,0.00039772
0.10005,0.014607,0.010045,0.004359,0.011093,0.0047603,0.0011086,0.00041675
0.099691,0.013939,0.010166,0.0042413,0.01118,0.0047131,0.0011207,0.00043737
0.10028,0.01462,0.010149,0.0042972,0.010854,0.0047167,0.0011245,0.00045839
0.099682,0.014126,0.0099735,0.0040994,0.011307,0.004728,0.0011141,0.0004501
0.1001,0.01434,0.0097154,0.0043622,0.010987,0.0046822,0.0010996,0.00041336
0.1003,0.014553,0.010174,0.0044182,0.011105,0.0047884,0.0011014,0.00042157
0.10055,0.013858,0.010095,0.0042857,0.010855,0.0044522,0.0010931,0.00043626
0.099671,0.014201,0.0097434,0.0041465,0.010938,0.0046732,0.0010909,0.00043538
0.10011,0.013928,0.0099859,0.0042751,0.011053,0.0046596,0.0010887,0.00040544
0.10018,0.013716,0.0099557,0.0041507,0.011195,0.0049329,0.0011026,0.00045771
0.099428,0.014249,0.01003,0.0042571,0.011172,0.0046634,0.0010924,0.00041204
0.099747,0.013847,0.010303,0.0043264,0.011026,0.004512,0.0010802,0.00038816
0.10003,0.014415,0.009784,0.0043049,0.011053,0.0045529,0.001068,0.0004044
0.099785,0.014078,0.010158,0.0042878,0.010941,0.0046346,0.0010978,0.00044431
0.099567,0.013791,0.0097649,0.0040769,0.010958,0.0046151,0.0011056,0.00046303
0.10067,0.013939,0.0099006,0.0041062,0.011081,0.0045206,0.0010994,0.00046303
0.10082,0.01406,0.0099266,0.0040751,0.010717,0.0044444,0.0010813,0.00041152
0.10044,0.014094,0.0098792,0.0041015,0.010924,0.0046462,0.0010812,0.00042438
0.09964,0.01424,0.010091,0.004276,0.0109,0.0044622,0.0011008,0.00046687
0.10039,0.013963,0.010225,0.0042709,0.010639,0.0044003,0.0011006,0.00047785
0.099892,0.01369,0.0098209,0.0039674,0.010946,0.0044671,0.0010689,0.00040912
0.10058,0.0138,0.010049,0.004206,0.010668,0.0047894,0.0010668,0.00040831
0.10019,0.013798,0.010143,0.0043266,0.010862,0.0044738,0.0010588,0.00038443
0.10035,0.013911,0.010088,0.0041182,0.010901,0.0046564,0.0010744,0.00043163
0.099557,0.013938,0.010139,0.0041183,0.011036,0.0047251,0.0010684,0.00041356
0.099778,0.013575,0.010119,0.0043178,0.010626,0.0043923,0.001076,0.00045861
0.10047,0.013417,0.0099086,0.0040688,0.010844,0.0043534,0.0010603,0.00040352
0.099891,0.014064,0.0099165,0.0040707,0.011079,0.0047021,0.001068,0.00043223
0.09987,0.013654,0.010021,0.004086,0.010828,0.0046267,0.0010543,0.00039767
0.099354,0.013733,0.010089,0.0041403,0.01097,0.0044957,0.001058,0.00041861
0.10008,0.014242,0.0099788,0.0041224,0.011116,0.0046223,0.0010405,0.00038377
0.099397,0.013715,0.010079,0.004207,0.011082,0.0045241,0.0010636,0.00044504
0.099846,0.013433,0.01015,0.0041098,0.010798,0.0045378,0.0010538,0.0004701
0.10034,0.013902,0.0099674,0.0040285,0.010924,0.0044528,0.0010288,0.0003778
0.10087,0.01308,0.0099291,0.0041466,0.011088,0.0044368,0.0010441,0.00039733
0.10048,0.013753,0.0098432,0.0040146,0.010596,0.0044212,0.0010497,0.00042172
0.099714,0.01346,0.0099046,0.004016,0.010894,0.004584,0.0010553,0.00042776
0.10009,0.013502,0.010232,0.0042688,0.010948,0.0046012,0.0010724,0.0004708
0.099551,0.013385,0.010106,0.0040053,0.011008,0.0046208,0.0010418,0.00043247
0.1001,0.013479,0.0098425,0.0042286,0.01106,0.0043858,0.0010304,0.00038512
0.10069,0.013407,0.0099886,0.0040299,0.010803,0.0044641,0.001053,0.00043568
0.10002,0.013131,0.0097656,0.0041231,0.01101,0.0043752,0.0010454,0.00042372
0.099849,0.013681,0.010126,0.0041954,0.01086,0.0045415,0.0010377,0.00041999
0.09986,0.013066,0.010013,0.0039914,0.010761,0.0043773,0.0010301,0.00040757
0.10067,0.013316,0.010267,0.0043436,0.01055,0.0044996,0.0010226,0.00040363
0.10023,0.013699,0.0099024,0.0040948,0.010963,0.0046902,0.0010206,0.00038499
0.099902,0.013475,0.0098633,0.0039748,0.010771,0.0045616,0.0010112,0.00036715
0.10023,0.013476,0.0098486,0.0041259,0.011061,0.0046818,0.0010187,0.00040532
0.099813,0.012995,0.0099291,0.0040062,0.010703,0.0045832,0.0010149,0.00038283
0.099683,0.013,0.010006,0.0040575,0.010923,0.0042666,0.0010168,0.0004077
0.099846,0.013687,0.010132,0.0040788,0.010913,0.0043115,0.0010167,0.00039358
0.099885,0.013366,0.010241,0.0043665,0.010848,0.004447,0.0010241,0.00042041
0.099543,0.013354,0.010048,0.0040135,0.011038,0.0043859,0.0010519,0.00048801
0.10002,0.01308,0.0096673,0.004095,0.0108,0.0044002,0.0010351,0.00046197
0.099742,0.013582,0.010011,0.0039464,0.010801,0.004498,0.0010055,0.00038267
0.099406,0.013431,0.0099761,0.0040444,0.010693,0.0043898,0.0010018,0.00038678
0.09985,0.013177,0.0099485,0.0041543,0.011058,0.004449,0.0010221,0.00043857
0.099078,0.013232,0.0098275,0.0040108,0.010956,0.0042868,0.0010037,0.0003971
0.099808,0.013719,0.0099231,0.004079,0.010994,0.0045573,0.001011,0.00042303
0.099522,0.013514,0.0099525,0.0042144,0.010751,0.0043548,0.0010037,0.00041143
0.10061,0.013698,0.0096898,0.0039208,0.010841,0.0044614,0.00099635,0.00039108
0.1,0.013791,0.010075,0.0042215,0.010798,0.004463,0.001,0.0003934
0.099537,0.013471,0.0098273,0.0039929,0.010602,0.0041993,0.00099091,0.00039426
0.099755,0.013643,0.0099855,0.0040805,0.010547,0.0043958,0.00099093,0.00038038
0.1003,0.012898,0.0099348,0.0041179,0.011008,0.0042847,0.00098188,0.00037249
0.09978,0.013583,0.0099566,0.0039885,0.010913,0.0043827,0.00099819,0.00041768
0.099792,0.012814,0.0099495,0.0040366,0.010829,0.0042848,0.0010072,0.00044471
0.099592,0.013277,0.010007,0.0040451,0.010992,0.0043144,0.001,0.0004265
0.099569,0.012899,0.0098417,0.004004,0.01102,0.0045438,0.00098561,0.00039299
0.1012,0.013147,0.010066,0.0039759,0.01067,0.0043946,0.00099641,0.00042497
0.099852,0.012828,0.0097007,0.0039051,0.010776,0.0044419,0.00098746,0.00041044
0.10013,0.013131,0.009898,0.0039269,0.010675,0.0043118,0.00096601,0.00035975
0.099734,0.012602,0.0098964,0.0040514,0.010934,0.0042748,0.00097143,0.00036642
0.098996,0.013009,0.0099661,0.0039473,0.010915,0.00454,0.00098752,0.0004109
0.10028,0.013431,0.010165,0.0041559,0.01105,0.0043847,0.00096797,0.00036512
0.10029,0.012943,0.010094,0.0041317,0.010795,0.0041432,0.00098934,0.0004196
0.099678,0.013263,0.010069,0.0040712,0.010753,0.0042918,0.00099823,0.00043824
0.099919,0.013182,0.01008,0.0039632,0.010825,0.0044869,0.0010124,0.00047123
0.099058,0.012869,0.010044,0.0038988,0.010854,0.0043499,0.00095583,0.00035932
0.10034,0.012532,0.0099683,0.0040241,0.010818,0.0042502,0.00097531,0.00041828
0.099201,0.013375,0.0098028,0.0038749,0.010715,0.0043367,0.00096303,0.00038102
0.10036,0.01305,0.0098735,0.0038652,0.010899,0.004447,0.0009754,0.00040087
0.099804,0.012973,0.0099404,0.0038761,0.011253,0.0044626,0.00095965,0.00037969
0.10016,0.01309,0.010019,0.0039941,0.010838,0.0042124,0.00096673,0.00040451
0.10021,0.013097,0.010033,0.0039647,0.010776,0.0042718,0.00096503,0.00038835
0.099896,0.012604,0.010157,0.0039283,0.010653,0.004279,0.00097033,0.00040146
0.10038,0.01289,0.01,0.0039016,0.01086,0.0043603,0.00094599,0.00036208
0.099468,0.013378,0.0099409,0.0040663,0.011113,0.0044664,0.00097217,0.00041731
0.1004,0.012772,0.010042,0.0039339,0.010808,0.0042064,0.00095833,0.0003934
0.10001,0.013087,0.01021,0.0039655,0.010996,0.0043821,0.00094454,0.00035946
0.099503,0.013627,0.009872,0.003902,0.011013,0.0042965,0.00095329,0.0003886
0.10033,0.013451,0.01014,0.0040611,0.011032,0.0043876,0.00097237,0.00044066
0.1001,0.013412,0.010166,0.0039401,0.010884,0.0042738,0.00096207,0.00041771
0.10051,0.012985,0.0098365,0.0038701,0.010759,0.0042351,0.00095353,0.00039676
0.10041,0.012556,0.010187,0.0038558,0.010974,0.0043784,0.00095017,0.00039273
0.10024,0.012816,0.0097307,0.0037899,0.010708,0.0043632,0.00093825,0.0003632
0.099924,0.013276,0.010164,0.0039833,0.011132,0.00438,0.00090925,0.00030665
0.099256,0.012853,0.0099179,0.0038913,0.010981,0.004471,0.00097778,0.00044865
0.099407,0.012327,0.0099846,0.0040409,0.010767,0.0042047,0.00093686,0.00036856
0.099659,0.011993,0.0099796,0.0039935,0.010716,0.0042581,0.00094889,0.00040244
0.1005,0.012768,0.010094,0.0041006,0.010755,0.0042779,0.00092517,0.00035718
0.099605,0.012512,0.0098693,0.0038739,0.010943,0.0041914,0.00093039,0.00037097
0.10042,0.012709,0.010051,0.0037801,0.010859,0.0042688,0.00094576,0.00040356
0.10006,0.012385,0.0099746,0.0039727,0.010767,0.0041823,0.00091878,0.00034342
0.099611,0.012697,0.010063,0.0039901,0.010665,0.0042158,0.00096284,0.00043778
0.10005,0.012604,0.0098786,0.0039126,0.010781,0.0041807,0.00096965,0.00045075
0.1002,0.012759,0.010032,0.0039409,0.010953,0.004252,0.00093434,0.00039132
0.10021,0.012919,0.0098471,0.0038653,0.010944,0.0041112,0.00092269,0.00037069
0.10063,0.012414,0.0098674,0.0038139,0.010846,0.0042783,0.00093289,0.00040728
0.10073,0.012969,0.009871,0.0037611,0.010748,0.0040994,0.00093132,0.00039963
0.10029,0.012603,0.009913,0.0038997,0.010734,0.0041113,0.00093311,0.00040513
0.099964,0.012311,0.009773,0.0038953,0.010688,0.0041497,0.00091319,0.0003535
0.10056,0.0129,0.010032,0.0039628,0.010474,0.0041693,0.000925,0.00038016
0.099543,0.012718,0.01022,0.0040641,0.010692,0.0041203,0.00093511,0.00041503
0.09977,0.012696,0.010193,0.0038982,0.010873,0.0042782,0.00093023,0.00040845
0.10024,0.01288,0.010081,0.0039841,0.010944,0.0040127,0.00093698,0.00041571
0.099909,0.012533,0.0098957,0.0038888,0.010771,0.0042564,0.00093377,0.00041214
0.099589,0.012585,0.010003,0.0038576,0.010652,0.0042221,0.0009157,0.00038813
0.10021,0.012629,0.009863,0.0038021,0.010708,0.0041104,0.00092079,0.00039979
0.099557,0.01292,0.0098501,0.0038864,0.010836,0.0041712,0.0009061,0.00036672
0.099417,0.012809,0.0099474,0.0039396,0.010874,0.0042424,0.00090625,0.00036942
0.099821,0.012311,0.010033,0.0038974,0.011066,0.0040249,0.00090148,0.00036955
0.099885,0.012307,0.010025,0.0037526,0.010857,0.0043202,0.0009,0.00035406
0.10031,0.012976,0.01007,0.0038362,0.010924,0.0041698,0.00092635,0.00041954
0.10036,0.012258,0.010064,0.0038786,0.010866,0.0040285,0.0009085,0.00038984
0.1003,0.012283,0.0097618,0.0039048,0.011009,0.004201,0.00092007,0.00040608
0.099916,0.012703,0.0099267,0.003907,0.010712,0.0040992,0.00091531,0.00039966
0.10019,0.012347,0.010083,0.003811,0.010746,0.0040601,0.00089756,0.00037557
0.099496,0.012589,0.010062,0.0036876,0.010718,0.0042566,0.00090097,0.00037028
0.099271,0.012499,0.0099773,0.0037068,0.01065,0.0040554,0.00089951,0.00040368
0.099974,0.01268,0.0099871,0.0037426,0.010948,0.0042056,0.00088188,0.00035088
0.099571,0.012725,0.010019,0.0037613,0.010855,0.0042398,0.00089984,0.00038842
0.099953,0.011981,0.010132,0.0038169,0.01076,0.0041106,0.00091774,0.00041532
0.1002,0.012323,0.0098953,0.0038116,0.010745,0.0041186,0.00090016,0.00038639
0.10039,0.011698,0.0099566,0.0038108,0.010849,0.0041515,0.00088907,0.00036036
0.10028,0.012244,0.010108,0.0039317,0.010886,0.003998,0.00088283,0.00036445
0.10037,0.012533,0.009883,0.0037848,0.010988,0.0041237,0.00089423,0.00039482
0.099729,0.011997,0.0099232,0.0039163,0.010666,0.0042223,0.0008816,0.00035938
0.099855,0.012013,0.0098083,0.0037306,0.010788,0.0039787,0.00090575,0.00041218
0.099754,0.011977,0.0099378,0.0038623,0.010808,0.0042094,0.00089474,0.00039501
0.099774,0.012467,0.0099713,0.0038107,0.01088,0.0042546,0.0008758,0.00035445
0.099795,0.012263,0.0096979,0.0035815,0.010658,0.0041152,0.00087122,0.00034738
0.10045,0.012315,0.0099794,0.0038828,0.010651,0.0041601,0.00090317,0.00041485
0.099541,0.012584,0.010244,0.0038339,0.010638,0.0040638,0.00089065,0.00040161
0.099826,0.012202,0.010225,0.003885,0.010705,0.0042314,0.00086392,0.00033163
0.10011,0.012802,0.010051,0.0037719,0.010954,0.0042009,0.00087046,0.00035483
0.1003,0.011738,0.010058,0.0040022,0.01075,0.0041049,0.0008817,0.00039772
0.10014,0.012374,0.01012,0.0038608,0.010902,0.0041667,0.00088819,0.0003983
0.099998,0.012443,0.009978,0.0038412,0.010805,0.0040584,0.0008695,0.0003662
0.099605,0.012515,0.0099231,0.0037145,0.010877,0.0040424,0.00087441,0.00037086
0.09997,0.01214,0.010056,0.00397,0.010889,0.0042258,0.00086364,0.000345
0.099675,0.011717,0.0099139,0.0038562,0.010589,0.0039887,0.00085446,0.0003497
0.10071,0.012366,0.0098469,0.0038689,0.010644,0.0040744,0.00087187,0.00036541
0.1003,0.012166,0.010036,0.0037449,0.010612,0.0040023,0.000883,0.00040595
0.099698,0.012416,0.0099143,0.003765,0.011025,0.0039136,0.00085514,0.00033641
0.099572,0.011952,0.0099549,0.0038092,0.010776,0.0040731,0.00088025,0.00041063
0.10045,0.012163,0.0098789,0.003814,0.010836,0.0040409,0.00086801,0.00037902
0.10016,0.011977,0.010167,0.0037947,0.010542,0.0039714,0.00086202,0.00036989
0.10058,0.012554,0.0098251,0.0035694,0.010672,0.004067,0.00086533,0.00037144
0.099585,0.012376,0.0099629,0.003797,0.010601,0.0039769,0.00088408,0.00040566
0.1008,0.012415,0.0099383,0.0036818,0.010716,0.0041182,0.00086883,0.00038143
0.099889,0.012235,0.0098968,0.0038327,0.010717,0.0040616,0.00090139,0.00045149
0.099448,0.011779,0.0099062,0.0037651,0.010813,0.0040623,0.00085077,0.00034484
0.10034,0.012026,0.01022,0.0038273,0.010723,0.0041162,0.00085561,0.00036288
0.10018,0.01225,0.010043,0.0038331,0.010573,0.0040088,0.00085736,0.0003806
0.099905,0.012452,0.010046,0.0038531,0.010502,0.0039355,0.00085911,0.00037304
0.10008,0.012053,0.010009,0.0039188,0.010703,0.0039228,0.00085168,0.00035468
0.10024,0.012606,0.0099313,0.0037803,0.010608,0.0040082,0.0008687,0.00041055
0.10011,0.011726,0.010197,0.0037586,0.0108,0.0042129,0.00084756,0.00035724
0.10061,0.011899,0.010128,0.0036631,0.010554,0.0038726,0.00084932,0.00036875
0.10022,0.011736,0.009921,0.0037968,0.010786,0.0039217,0.00084954,0.00036467
0.099813,0.01259,0.0099499,0.0035811,0.010555,0.0040194,0.00084977,0.00036689
0.099693,0.012191,0.01007,0.0038027,0.010793,0.0039632,0.00084697,0.00036356
0.099364,0.0126,0.0098427,0.0037457,0.01081,0.0040461,0.00086233,0.00040924
0.099538,0.011769,0.010047,0.0036686,0.010762,0.0038892,0.00084441,0.00035611
0.099861,0.011541,0.010109,0.0037826,0.010777,0.0040578,0.0008356,0.00036055
0.099397,0.011765,0.010053,0.0038623,0.010646,0.0037182,0.00084789,0.00036609
0.10026,0.011847,0.0099985,0.003659,0.010866,0.0039279,0.00085263,0.0003938
0.099742,0.011991,0.0099024,0.003574,0.01068,0.0037628,0.00085886,0.00040537
0.10007,0.011904,0.010091,0.0036912,0.010548,0.0039712,0.00085757,0.00039917
0.10002,0.012586,0.010031,0.0036388,0.010621,0.0039714,0.00085629,0.00041511
0.10048,0.012281,0.010048,0.003793,0.010769,0.0041402,0.00084604,0.00038317
0.10011,0.011648,0.0098224,0.0037399,0.010701,0.0040347,0.00086269,0.00040599
0.10007,0.011986,0.0099523,0.0036347,0.010548,0.0039957,0.00083159,0.00034853
0.1002,0.012051,0.010121,0.0037554,0.010766,0.0039026,0.00083333,0.00037191
0.1001,0.011888,0.010048,0.0036236,0.010782,0.0040202,0.00082169,0.00033963
0.099561,0.011844,0.0099154,0.0036709,0.010944,0.0041008,0.00082493,0.00037218
0.10042,0.012018,0.0098593,0.0036677,0.010776,0.0039234,0.00084296,0.00040926
0.099827,0.012132,0.01008,0.0037317,0.010612,0.0039853,0.00083284,0.00037158
0.10001,0.011979,0.010009,0.0035756,0.010688,0.0039716,0.00082718,0.00036917
0.10041,0.012162,0.0099086,0.0036739,0.010589,0.0038534,0.00082448,0.0003477
0.099962,0.011994,0.0097541,0.0036606,0.010757,0.0041451,0.00082032,0.0003541
0.10013,0.011755,0.010088,0.0037136,0.010857,0.0041131,0.00081471,0.00033899
0.099774,0.011362,0.0099266,0.0037192,0.010631,0.0039129,0.00083407,0.00037565
0.099658,0.012105,0.009893,0.0037694,0.010603,0.0038816,0.00081085,0.00035388
0.099961,0.011778,0.0097262,0.003627,0.010647,0.0039521,0.00083455,0.0003906
0.09982,0.011739,0.0099094,0.003598,0.010556,0.0038572,0.00082895,0.00037723
0.099641,0.011926,0.010164,0.0037119,0.01057,0.0039544,0.00083942,0.000401
0.10017,0.011826,0.0099781,0.0036157,0.010708,0.003915,0.00082945,0.00038099
0.099914,0.011588,0.0099403,0.0037359,0.010794,0.0037178,0.00082096,0.00036234
0.099916,0.01165,0.01007,0.00377,0.010611,0.0038148,0.00081541,0.00034804
0.10013,0.011796,0.010004,0.0035848,0.010675,0.0037763,0.0008418,0.00040969
0.099301,0.011792,0.010109,0.0037915,0.010729,0.0037394,0.00082464,0.00037319
0.10003,0.011845,0.0099508,0.0034739,0.01067,0.0039554,0.00081042,0.00036744
0.10072,0.011535,0.010039,0.0037472,0.010584,0.0038625,0.00081503,0.00036549
0.1002,0.011516,0.010033,0.0034996,0.01089,0.0040312,0.0008254,0.00037319
0.099518,0.011718,0.010043,0.00378,0.01071,0.0038557,0.000817,0.00036616
0.10002,0.011418,0.010032,0.0036016,0.010674,0.003806,0.00082014,0.00037842
0.10066,0.012205,0.010022,0.0036585,0.010677,0.0039024,0.00080172,0.00034809
0.10054,0.01132,0.0096815,0.0034904,0.010744,0.0037588,0.00080631,0.00035207
0.099767,0.011239,0.0099341,0.0037503,0.010559,0.0037968,0.00082235,0.0003913
0.10034,0.012358,0.009907,0.0035973,0.010881,0.0039226,0.00080544,0.00034776
0.10038,0.011749,0.01003,0.0036812,0.010826,0.0039667,0.00079571,0.00034348
0.099639,0.011527,0.010114,0.0034913,0.010898,0.0040317,0.00080599,0.00036325
0.1004,0.011433,0.01009,0.0035991,0.010863,0.0037522,0.00081339,0.00038232
0.10036,0.011896,0.0099929,0.0035601,0.010375,0.0037208,0.00080512,0.00035904
0.099976,0.011605,0.0098253,0.0035748,0.010605,0.0039327,0.0007983,0.00037102
0.099835,0.011728,0.0099617,0.0036967,0.010882,0.003871,0.00079007,0.00032902
0.10124,0.011905,0.01011,0.0035798,0.010903,0.0039357,0.00081445,0.00038387
0.10005,0.011759,0.01002,0.0036358,0.010776,0.0038697,0.00078642,0.00033746
0.099991,0.011434,0.010219,0.0036836,0.010916,0.0037966,0.00079802,0.00035966
0.099505,0.011794,0.01009,0.003507,0.010752,0.0039976,0.00079126,0.00034357
0.099005,0.011728,0.0099239,0.0035509,0.010917,0.0039292,0.0008,0.00036577
0.099968,0.011096,0.0099142,0.0035748,0.010587,0.0036636,0.00079747,0.00035741
0.10081,0.011415,0.010024,0.0035619,0.010675,0.0039435,0.00079635,0.00037313
0.099467,0.011553,0.010006,0.003703,0.010867,0.0038411,0.00078682,0.00035852
0.10012,0.01119,0.0098487,0.0035728,0.010726,0.0038359,0.00080532,0.00037957
0.10028,0.01173,0.01,0.0037169,0.010688,0.0037273,0.0007972,0.00037312
0.099936,0.011541,0.0099707,0.0034672,0.010355,0.003888,0.00078771,0.00036413
0.099687,0.011325,0.0098675,0.0036297,0.010673,0.0039717,0.00081172,0.00040268
0.099612,0.012219,0.010106,0.0034977,0.010758,0.0038089,0.00077159,0.00032704
0.10041,0.0119,0.0099513,0.0035602,0.010595,0.0037471,0.00077608,0.00033695
0.10018,0.011736,0.010054,0.0036019,0.010686,0.0039752,0.00075833,0.00029766
0.10004,0.011044,0.0099515,0.0035949,0.010709,0.0038083,0.0007767,0.00033534
0.099756,0.011262,0.010118,0.0035506,0.010737,0.0036951,0.00077424,0.00032651
0.10041,0.011251,0.010123,0.0036429,0.010661,0.0037663,0.000787,0.00035615
0.099984,0.011579,0.010011,0.003592,0.010513,0.0038601,0.00080249,0.00039678
0.1002,0.011778,0.010025,0.0036434,0.010809,0.0036729,0.00078207,0.00035051
0.10021,0.011564,0.010017,0.0036367,0.010424,0.0038317,0.00076584,0.00032279
0.10028,0.011303,0.009912,0.0035685,0.010801,0.0037471,0.00076204,0.00032299
0.10044,0.011285,0.0098984,0.0035683,0.010654,0.0036396,0.00076236,0.00033091
0.099712,0.011612,0.010059,0.003622,0.010668,0.003994,0.0007572,0.00031084
0.099743,0.011545,0.0098301,0.0035036,0.010841,0.0038772,0.00078904,0.00037339
0.10048,0.011315,0.010003,0.0035566,0.010542,0.0037695,0.00078523,0.00036859
0.099876,0.010947,0.0099426,0.0034998,0.010707,0.0036673,0.00078142,0.00037386
0.099661,0.011251,0.009985,0.0035305,0.01074,0.0037626,0.00076262,0.00032735
0.099753,0.011643,0.0098883,0.0034021,0.010579,0.0037929,0.00076294,0.0003294
0.099978,0.010996,0.010161,0.0036725,0.010551,0.0037075,0.00077687,0.00037019
0.10006,0.011763,0.0099158,0.0036479,0.010509,0.0038323,0.00078125,0.00037321
0.099562,0.011305,0.010128,0.0036519,0.010594,0.0038057,0.00075441,0.00031798
0.10003,0.011291,0.010066,0.0034494,0.010723,0.0038127,0.00076829,0.00035485
0.099352,0.011463,0.01011,0.0035625,0.010622,0.0037972,0.00078078,0.00037094
0.10027,0.011402,0.0099473,0.0035529,0.010517,0.0036386,0.00075676,0.00032673
0.099958,0.011132,0.0099217,0.0035095,0.010503,0.0036615,0.00078812,0.00039352
0.10039,0.011508,0.01007,0.0034936,0.010669,0.0037547,0.00075876,0.00033311
0.099805,0.011632,0.0099623,0.0033992,0.010491,0.0038322,0.00078062,0.00038934
0.10036,0.011894,0.010276,0.0036333,0.010645,0.003752,0.00077285,0.00035927
0.09998,0.011329,0.01003,0.0035615,0.010697,0.0036974,0.0007651,0.00034787
0.10008,0.011379,0.0099866,0.003372,0.010635,0.0037656,0.00073592,0.00028951
0.10045,0.011816,0.010174,0.0035537,0.010591,0.0037162,0.00076037,0.00034766
0.099674,0.011362,0.010049,0.0034323,0.010593,0.0035523,0.0007607,0.00033901
0.10007,0.011016,0.0099813,0.0035936,0.010669,0.0036903,0.00074766,0.00032829
0.10004,0.011606,0.010192,0.0035917,0.010596,0.0037924,0.00078533,0.00038911
0.10011,0.010981,0.010093,0.0034364,0.010803,0.0037651,0.000751,0.00034201
0.099228,0.011521,0.0099588,0.0036501,0.010669,0.0040089,0.0007633,0.00036804
0.099962,0.011172,0.010116,0.0034344,0.01059,0.0037638,0.00077556,0.00038266
0.099742,0.010969,0.010008,0.003592,0.010777,0.0036573,0.00075995,0.00036016
0.099979,0.011271,0.009804,0.0036768,0.010697,0.0036246,0.00075894,0.00034978
0.10011,0.011188,0.0098333,0.0035609,0.010411,0.0034418,0.00076058,0.00036334
0.099789,0.011431,0.01007,0.0035226,0.010455,0.003619,0.00075561,0.00036151
0.099544,0.011336,0.010132,0.0034215,0.010731,0.0037201,0.00076385,0.0003751
0.099559,0.010657,0.0098643,0.0033826,0.010728,0.0038171,0.0007365,0.00032159
0.10059,0.011176,0.0099553,0.0034257,0.01066,0.0037903,0.00074737,0.00035171
0.1002,0.0109,0.0098568,0.0034861,0.010633,0.0037045,0.00075558,0.00035124
0.10075,0.011433,0.010282,0.0035042,0.010697,0.0036412,0.00075591,0.00036723
0.10034,0.011038,0.0099489,0.003375,0.010638,0.0035194,0.00073526,0.00032985
0.10044,0.010695,0.010077,0.0035201,0.010527,0.0035955,0.00076047,0.00038502
0.099547,0.011156,0.0099739,0.0033622,0.010664,0.0037194,0.00075163,0.00036379
0.10036,0.011015,0.010097,0.0034023,0.01068,0.0038003,0.00074021,0.00033175
0.10005,0.01114,0.0098475,0.0034802,0.010713,0.003672,0.00073012,0.00031523
0.099515,0.010967,0.010078,0.0034453,0.010703,0.0035673,0.00072917,0.00031482
0.10005,0.011593,0.0097854,0.003342,0.010504,0.0034214,0.00074382,0.00036059
0.10062,0.011059,0.010142,0.0033662,0.010462,0.0037142,0.00072727,0.00031933
0.10003,0.011059,0.0099598,0.0035507,0.010569,0.0036785,0.00073541,0.00033966
0.10043,0.010831,0.010038,0.0034227,0.01077,0.0036848,0.00074482,0.0003605
0.1004,0.011071,0.010036,0.0035802,0.010545,0.0038016,0.0007348,0.0003506
0.10022,0.011311,0.0097907,0.0033777,0.01069,0.0036987,0.0007416,0.00033837
0.099821,0.011069,0.01017,0.0035725,0.010849,0.003459,0.00074968,0.00037067
0.099785,0.011335,0.010067,0.0034612,0.010788,0.0035725,0.00074227,0.00034649
0.099825,0.010981,0.0099434,0.0035252,0.010376,0.0035178,0.00076448,0.0003845
0.099685,0.011237,0.010126,0.0033621,0.01073,0.0036354,0.0007108,0.00029937
0.099717,0.010991,0.0099332,0.0034427,0.010789,0.0037551,0.00073556,0.0003486
0.10004,0.011252,0.0099641,0.0035575,0.010649,0.0037019,0.00072308,0.00031914
0.099815,0.011155,0.010166,0.0035516,0.010569,0.0035472,0.00073624,0.00034225
0.10001,0.011341,0.01024,0.0034987,0.010611,0.0037122,0.00072634,0.0003321
0.10003,0.011267,0.0098212,0.0035576,0.010691,0.0038056,0.00072286,0.00032738
0.10028,0.01123,0.010134,0.0033558,0.010499,0.0036993,0.00072832,0.00033754
0.10009,0.01074,0.0099554,0.0034623,0.010824,0.0035817,0.00072484,0.00034256
0.09973,0.010595,0.010225,0.0034666,0.010483,0.0035897,0.00071756,0.00032678
0.10009,0.011432,0.0099111,0.003386,0.010729,0.0035722,0.00075349,0.00039461
0.099943,0.010501,0.010113,0.0033939,0.010802,0.0035762,0.00071574,0.00032096
0.099996,0.011054,0.010011,0.0033554,0.010788,0.0037599,0.00074271,0.00036884
0.10043,0.010981,0.010097,0.0035105,0.010438,0.0036045,0.00073418,0.00034822
0.10032,0.011024,0.010042,0.0034106,0.010445,0.0036731,0.00075095,0.00038607
0.10086,0.010808,0.010048,0.0033675,0.010723,0.0036488,0.00074747,0.00039046
0.099536,0.010726,0.0098789,0.0034686,0.010529,0.0035887,0.00071501,0.00031544
0.10069,0.010745,0.010107,0.0034695,0.010489,0.0035521,0.0007267,0.00034525
0.099923,0.010755,0.010016,0.0033662,0.010696,0.0036746,0.00072579,0.00035388
0.1001,0.011021,0.010143,0.0033147,0.010618,0.0035566,0.00073241,0.00036453
0.10046,0.010785,0.0098294,0.0033862,0.010428,0.0034758,0.00071769,0.00033406
0.099677,0.011115,0.0098684,0.0033731,0.010765,0.0037305,0.00072807,0.00035114
0.099908,0.011163,0.0099875,0.003351,0.010538,0.0037739,0.00073467,0.00037026
0.10004,0.011149,0.010076,0.0034008,0.010465,0.0035281,0.00070375,0.00032859
0.10015,0.010817,0.010066,0.0034696,0.010591,0.0035039,0.00069788,0.00030473
0.10046,0.010735,0.010046,0.0033536,0.0107,0.0035018,0.00073566,0.00038227
0.10059,0.010948,0.0099913,0.0033842,0.010607,0.0035137,0.00072105,0.0003452
0.10005,0.010729,0.010165,0.0034517,0.010539,0.0036956,0.00072761,0.00037285
0.10037,0.011023,0.010087,0.0034741,0.010686,0.0036228,0.00069317,0.00031105
0.099837,0.010885,0.0099901,0.003393,0.010415,0.0034032,0.00073449,0.00037964
0.099668,0.010328,0.009798,0.0035235,0.010551,0.003697,0.00069765,0.00031616
0.099692,0.010959,0.010134,0.0033685,0.010488,0.0035302,0.0007104,0.00035137
0.099869,0.010865,0.0099951,0.0032085,0.010694,0.0035453,0.00072188,0.00036044
0.099773,0.010124,0.010014,0.003501,0.010395,0.0035997,0.0007,0.00030882
0.1012,0.011084,0.0099174,0.0032199,0.0107,0.0037895,0.00070777,0.00033223
0.099744,0.010724,0.0098337,0.0034806,0.010451,0.003505,0.00071182,0.00034832
0.10015,0.010113,0.010015,0.0034898,0.010664,0.0036257,0.00069127,0.00029677
0.099762,0.01046,0.010018,0.0032403,0.010661,0.0034985,0.00070885,0.00033225
0.10026,0.010772,0.009827,0.0034104,0.01079,0.0036482,0.00070184,0.00032204
0.10006,0.010952,0.010005,0.0032984,0.010625,0.0036531,0.00069485,0.00031142
0.09943,0.010867,0.010106,0.0034109,0.010514,0.0036436,0.00069645,0.00031518
0.10018,0.0111,0.010193,0.0033127,0.010594,0.0035433,0.00070416,0.00033768
0.10046,0.01053,0.010024,0.003292,0.010716,0.0035423,0.00070208,0.00033539
0.099648,0.011035,0.010034,0.0033813,0.010364,0.0035291,0.00073171,0.00039724
0.099476,0.010568,0.0099135,0.0033197,0.010443,0.0036438,0.00069549,0.00032233
0.10012,0.010566,0.010148,0.0032567,0.010651,0.0036411,0.00069586,0.00031929
0.1004,0.011042,0.0099708,0.0032818,0.010602,0.0036587,0.00067679,0.00028704
0.099616,0.011078,0.0099272,0.0032443,0.010668,0.0036335,0.00071117,0.00034897
0.1002,0.010871,0.010055,0.003423,0.010794,0.0036049,0.0006897,0.0003214
0.099965,0.010797,0.010011,0.0032904,0.010659,0.0035312,0.00071065,0.00035815
0.10051,0.010393,0.0099843,0.0032313,0.010632,0.0036823,0.00069045,0.00032453
0.10033,0.010829,0.010033,0.0032196,0.010621,0.0033836,0.00070652,0.00034974
0.099371,0.010894,0.0097226,0.003284,0.010676,0.0035907,0.00068758,0.00031263
0.099791,0.010466,0.010067,0.0034174,0.010552,0.0034431,0.0007,0.00035848
0.10028,0.010892,0.010093,0.0035061,0.010636,0.003459,0.00072082,0.0003792
0.099112,0.010356,0.0099712,0.003281,0.010504,0.0034331,0.00070553,0.00035962
0.099966,0.010894,0.00991,0.0034101,0.010478,0.0035813,0.00068187,0.0003341
0.1,0.010237,0.010211,0.0033097,0.010749,0.0034627,0.00068225,0.00030875
0.09989,0.010509,0.0098407,0.0033341,0.010537,0.0035104,0.00070898,0.00036645
0.10089,0.010189,0.0099474,0.0033071,0.010474,0.0035259,0.00070335,0.0003635
0.10038,0.010638,0.0099307,0.0032399,0.010256,0.0035274,0.00068817,0.00033857
0.099994,0.010268,0.010011,0.0031819,0.01052,0.0035473,0.00068496,0.00032593
0.099387,0.011083,0.010019,0.0033307,0.010508,0.0034265,0.00070322,0.0003615
0.099603,0.010491,0.0098833,0.0033254,0.010591,0.0034794,0.00070714,0.00035962
0.10027,0.01053,0.0099608,0.0031917,0.010432,0.0033533,0.00068014,0.0003254
0.09992,0.010509,0.010061,0.0032376,0.010548,0.0035724,0.00067933,0.00032501
0.10032,0.010633,0.0099454,0.0032543,0.010544,0.0034264,0.00066904,0.00030468
0.099481,0.010022,0.0098744,0.0033505,0.010397,0.0034456,0.00068957,0.00033795
0.10025,0.010539,0.010219,0.0033545,0.010495,0.0034881,0.00068757,0.00033581
0.1001,0.010637,0.0099031,0.0032506,0.010424,0.0035097,0.00069267,0.0003399
0.099936,0.010131,0.010087,0.0033639,0.010712,0.0035664,0.00068241,0.00034218
0.10027,0.010468,0.0099988,0.0033634,0.010722,0.0034303,0.00068868,0.00034386
0.099679,0.010591,0.0099658,0.0033646,0.010519,0.0034304,0.00067727,0.00032354
0.10031,0.010815,0.0098165,0.0032329,0.010557,0.0035616,0.00066941,0.00031636
0.099649,0.010857,0.0098437,0.0031951,0.010576,0.0035873,0.00069213,0.00035481
0.099439,0.010883,0.010001,0.003336,0.010777,0.0034696,0.00067723,0.00032175
0.10026,0.010665,0.010096,0.0033631,0.01062,0.0034919,0.00065416,0.00027914
0.099756,0.010428,0.010104,0.0032716,0.01052,0.0034033,0.0006815,0.00032986
0.099996,0.0106,0.0098655,0.0032838,0.010531,0.0034242,0.00068655,0.00034203
0.099361,0.010508,0.010117,0.0033487,0.01042,0.0034535,0.00067757,0.00034196
0.10029,0.01105,0.0099708,0.0033195,0.010596,0.0035342,0.00066161,0.00030108
0.10009,0.010239,0.010163,0.0032762,0.010658,0.0034219,0.00065268,0.00029129
0.10045,0.010494,0.010158,0.003501,0.010548,0.0035021,0.00067055,0.00032576
0.09993,0.010448,0.010009,0.0032337,0.010447,0.0035174,0.00066628,0.00033247
0.099898,0.01051,0.01016,0.0033024,0.010597,0.0035399,0.00066667,0.00032562
0.10008,0.01059,0.010032,0.0032878,0.010492,0.0034816,0.00065081,0.00027778
0.099705,0.01038,0.0098934,0.0032972,0.010551,0.0035233,0.00065817,0.00030093
0.099857,0.010204,0.010078,0.0033634,0.01063,0.0033774,0.00067477,0.00032776
0.099673,0.010389,0.0099954,0.0032651,0.010515,0.0035449,0.00066821,0.00031869
0.10022,0.010677,0.010015,0.0031642,0.010625,0.0036627,0.00067436,0.00034841
0.10017,0.010329,0.0099654,0.0032981,0.010529,0.0035567,0.00068858,0.0003605
0.099785,0.010636,0.010035,0.0031847,0.010572,0.0033409,0.00066359,0.00031403
0.10016,0.010312,0.010071,0.0031573,0.010408,0.0034011,0.00066743,0.00035224
0.099675,0.010424,0.0098897,0.0033034,0.010464,0.0035168,0.00068391,0.00034495
0.1001,0.010282,0.0099759,0.003312,0.010335,0.0034048,0.00065786,0.0003032
0.10052,0.010025,0.010178,0.0034068,0.010586,0.00322,0.00066743,0.00033896
0.10012,0.010227,0.0099805,0.0032138,0.010615,0.0034894,0.00068041,0.00034603
0.099942,0.010455,0.01004,0.0033089,0.01071,0.0032789,0.00065904,0.00031187
0.099937,0.0099025,0.0099531,0.0032698,0.010659,0.0034545,0.00066171,0.00031264
0.099406,0.010298,0.0098425,0.003172,0.010623,0.0034338,0.00065753,0.00033146
0.10045,0.010266,0.010081,0.0032682,0.010513,0.0033481,0.00066363,0.00032121
0.10065,0.010299,0.010204,0.0032846,0.010658,0.0034148,0.00066515,0.0003242
0.1011,0.010572,0.010056,0.0032832,0.0104,0.003393,0.00067918,0.00036279
0.09988,0.010338,0.0098102,0.0031877,0.010522,0.0033015,0.00065909,0.00032477
0.099766,0.010251,0.010041,0.0032361,0.010627,0.0034392,0.00067423,0.00034289
0.099162,0.010241,0.010144,0.0033117,0.010602,0.0034768,0.00065306,0.00031726
0.10008,0.010401,0.0099117,0.0031027,0.010525,0.0034449,0.00065119,0.00031108
0.10018,0.010233,0.010178,0.0033551,0.010816,0.0033258,0.00065158,0.00032057
0.099852,0.010319,0.0099153,0.0032517,0.010693,0.0034056,0.00063616,0.00028383
0.099901,0.010159,0.010023,0.0030763,0.01041,0.0032693,0.00067043,0.0003556
0.10012,0.010332,0.010052,0.0032658,0.010654,0.0035331,0.00064825,0.00030968
0.1005,0.010297,0.010097,0.0032598,0.010447,0.0034045,0.00065428,0.00033125
0.099846,0.010085,0.0098943,0.003222,0.010327,0.0034134,0.00066929,0.00033758
0.10007,0.010323,0.0099764,0.0031419,0.010575,0.0034463,0.00066404,0.00033484
0.099291,0.010281,0.010025,0.0033704,0.010488,0.0034568,0.00067116,0.000345
0.099764,0.010415,0.010078,0.0034072,0.010522,0.0034064,0.0006491,0.00031478
0.10046,0.010258,0.0099787,0.0033582,0.010348,0.0032983,0.00065845,0.0003403
0.099164,0.010318,0.010093,0.0031146,0.010539,0.0033653,0.00064989,0.0003174
0.099686,0.010005,0.0098402,0.0032192,0.010653,0.003444,0.00065363,0.00033119
0.10027,0.010528,0.0099844,0.0031284,0.010544,0.0035001,0.00067522,0.00036351
0.099734,0.0098893,0.0099509,0.0031004,0.010482,0.0034251,0.00065106,0.00031733
0.1005,0.010595,0.01,0.0032359,0.010624,0.0033291,0.00065479,0.00033841
0.099554,0.0099669,0.0099978,0.0032972,0.010553,0.0034176,0.00064627,0.00032339
0.099178,0.010297,0.0099211,0.0032301,0.010564,0.0033302,0.00064778,0.00031855
0.099769,0.010374,0.010098,0.0032769,0.010699,0.0033168,0.00063929,0.00030253
0.099718,0.010101,0.0099922,0.0032319,0.01052,0.0033572,0.0006541,0.00032509
0.099629,0.010147,0.009897,0.0032135,0.010573,0.0033462,0.00066999,0.00037405
0.099672,0.010318,0.010334,0.003323,0.010618,0.0033526,0.00065708,0.00034142
0.10029,0.010365,0.0099845,0.0031286,0.010452,0.0034255,0.00063867,0.0003046
0.099602,0.0099532,0.0099647,0.0029798,0.01038,0.00342,0.00063907,0.00030991
0.099762,0.0099099,0.0099294,0.0032005,0.010679,0.0034657,0.00063947,0.00030728
0.099621,0.010315,0.0099802,0.003189,0.010575,0.0034062,0.00065088,0.0003282
0.099802,0.010254,0.0098922,0.0032795,0.010433,0.0033745,0.00065127,0.00032191
0.10034,0.010274,0.01008,0.0031755,0.01072,0.0034906,0.00064615,0.00033394
0.099901,0.010252,0.0099232,0.0033047,0.010721,0.0032973,0.0006652,0.00035206
0.099995,0.010283,0.009989,0.003244,0.010507,0.003266,0.00065022,0.00032608
0.10065,0.0098952,0.010046,0.0032729,0.010474,0.0033375,0.00063198,0.00031584
0.099971,0.010531,0.010018,0.0032523,0.010501,0.0032776,0.00063239,0.00032457
0.09976,0.010123,0.010169,0.0032958,0.010607,0.0033834,0.00064262,0.00033212
0.1003,0.010469,0.010114,0.0031604,0.010617,0.0032746,0.00065066,0.00033627
0.10003,0.010227,0.01015,0.0032401,0.010275,0.0033683,0.00065867,0.0003572
0.10032,0.010064,0.01006,0.0032166,0.010561,0.0035301,0.00064379,0.00032463
0.10022,0.01008,0.010053,0.0030956,0.010509,0.0034077,0.00063439,0.00030035
0.10048,0.0099817,0.0098283,0.0031545,0.010485,0.0035302,0.00065,0.00033764
0.099429,0.0099133,0.010028,0.0030769,0.01061,0.0034841,0.00062215,0.00028259
0.10013,0.010274,0.010085,0.0032744,0.01056,0.0033784,0.00063991,0.00032172
0.099665,0.0099818,0.01001,0.0032452,0.010575,0.0033997,0.00063055,0.00032749
0.099777,0.010123,0.010061,0.0032387,0.010388,0.0031161,0.0006461,0.00033478
0.099667,0.010178,0.0099816,0.0032016,0.010391,0.0033683,0.00065081,0.0003379
0.099976,0.010352,0.010033,0.0032434,0.010477,0.0033923,0.00063175,0.00031644
0.099882,0.0098591,0.010137,0.0030775,0.010485,0.0034378,0.00063538,0.00032213
0.099683,0.010166,0.009944,0.0031303,0.010412,0.0033371,0.00062931,0.0003179
0.10071,0.0096124,0.010085,0.0031324,0.010495,0.0031841,0.00064047,0.00032662
0.10012,0.0099779,0.01012,0.0031527,0.010514,0.0033132,0.00062796,0.00032798
0.10101,0.010234,0.010098,0.0032545,0.010429,0.0032561,0.00063802,0.00032801
0.10046,0.010151,0.010052,0.0031544,0.010576,0.0032891,0.00063734,0.00033116
0.09963,0.01024,0.0098928,0.0031141,0.010548,0.0033292,0.00061415,0.00029499
0.099782,0.010204,0.0098961,0.0031159,0.010557,0.0033983,0.00064989,0.00033798
0.099872,0.010066,0.0099701,0.0032682,0.010484,0.0033159,0.00062674,0.00031852
0.099966,0.010288,0.0098034,0.0030941,0.010553,0.0034364,0.00062607,0.00032528
0.10045,0.010192,0.0099829,0.0032198,0.010567,0.0032978,0.00062753,0.00033809
0.1002,0.0099856,0.0099936,0.0031771,0.010314,0.0033994,0.00064712,0.00033654
0.099432,0.010036,0.01017,0.0033565,0.010576,0.003567,0.00062194,0.00030686
0.099552,0.0097042,0.010047,0.0031644,0.010613,0.0033336,0.00062979,0.00032898
0.099772,0.010195,0.0098874,0.0031356,0.010376,0.0033547,0.00061955,0.00029716
0.10007,0.0098834,0.0099735,0.0031604,0.010542,0.0033901,0.00062633,0.00031845
0.099517,0.0097711,0.0099215,0.0030935,0.010473,0.0032998,0.00060339,0.00028119
0.099687,0.010511,0.0098951,0.0030757,0.010604,0.003407,0.0006303,0.00031436
0.10007,0.010159,0.0099587,0.0030814,0.010517,0.003413,0.00063069,0.00032595
0.10022,0.010285,0.010039,0.0032448,0.010487,0.0032219,0.00062474,0.00031145
0.099885,0.0099178,0.0099483,0.003153,0.010498,0.0033198,0.00060401,0.0002966
0.099432,0.0096385,0.010004,0.0032961,0.01058,0.00326,0.00061603,0.00029653
0.1001,0.0099228,0.0098936,0.0032152,0.010544,0.0033204,0.00062592,0.00031126
0.099888,0.0094894,0.010174,0.0032206,0.010419,0.0032231,0.00062421,0.00031304
0.10043,0.010185,0.01024,0.0031801,0.010499,0.0032811,0.0006204,0.00031544
0.10002,0.010263,0.009938,0.0032524,0.010437,0.0033609,0.00061029,0.00029056
0.10031,0.0099513,0.010003,0.0030366,0.010498,0.0031792,0.00061595,0.00030685
0.099733,0.01012,0.010148,0.003141,0.010513,0.003323,0.0006195,0.00030883
0.0997,0.010129,0.0099257,0.0029481,0.010598,0.0033943,0.00062618,0.00032527
0.099611,0.009698,0.010103,0.0032068,0.010531,0.0032935,0.00062657,0.00032628
0.099726,0.009936,0.010126,0.0031295,0.010477,0.0032373,0.00059039,0.00026608
0.099572,0.010168,0.010057,0.003129,0.010532,0.0033192,0.00061691,0.00032813
0.099736,0.0096351,0.0098394,0.0028844,0.010414,0.003356,0.0005975,0.00027538
0.10013,0.0097813,0.0099125,0.0031607,0.010414,0.0032909,0.00060313,0.00028874
0.099844,0.0095256,0.010071,0.0030077,0.010477,0.0033233,0.0006025,0.00028466
0.10011,0.0099981,0.0099324,0.0030485,0.010455,0.0033143,0.00061227,0.00030336
0.10035,0.01048,0.0099979,0.003251,0.010293,0.003204,0.00060332,0.00028724
0.10021,0.0096563,0.009944,0.0031426,0.010472,0.0032687,0.00060062,0.00028377
0.10039,0.010158,0.0099482,0.0030443,0.010451,0.0030832,0.00061451,0.00031164
0.10005,0.0095995,0.010026,0.00312,0.010533,0.0032969,0.00061284,0.00030643
0.099373,0.0097896,0.0099069,0.0031049,0.010267,0.0033015,0.00059979,0.00029191
0.10028,0.010509,0.010099,0.0032674,0.010568,0.0033226,0.0006436,0.00036082
0.1004,0.009862,0.0099164,0.0031022,0.010267,0.0032079,0.00060784,0.00030117
0.10044,0.0097095,0.010121,0.0031232,0.010306,0.0031976,0.0006,0.00029041
0.09995,0.010118,0.010106,0.0032317,0.01045,0.0032409,0.00062616,0.00034226
0.09992,0.0099494,0.01005,0.0030081,0.01033,0.003221,0.00060597,0.00030024
0.10016,0.009846,0.010033,0.0032287,0.010508,0.0032591,0.00060123,0.00029762
0.10064,0.010123,0.0101,0.0031375,0.01053,0.0031934,0.00061088,0.00031489
0.099817,0.0097581,0.010037,0.0031064,0.010434,0.0032731,0.00061026,0.0003212
0.10041,0.0097977,0.0098453,0.0031334,0.01059,0.0032114,0.00060451,0.00031076
0.10005,0.0099276,0.01001,0.003143,0.010665,0.0032643,0.00060491,0.00032175
0.099838,0.0098493,0.010078,0.0030614,0.010343,0.0032532,0.00060327,0.00029632
0.099738,0.0099446,0.0099438,0.0030577,0.010515,0.0032516,0.00060878,0.00030792
0.099714,0.010056,0.0099776,0.0031732,0.010446,0.0030898,0.00060306,0.0003142
0.10039,0.0098715,0.010009,0.0031792,0.010575,0.0032294,0.00060652,0.00032247
0.10031,0.0096702,0.010056,0.0030073,0.010588,0.003363,0.00060489,0.00030762
0.099919,0.0096168,0.0097711,0.0031205,0.01063,0.0033116,0.00060732,0.00031468
0.099797,0.0097622,0.010015,0.0031215,0.010503,0.0032953,0.00059858,0.00030347
0.10025,0.009411,0.009997,0.003076,0.010312,0.0031491,0.00059898,0.00029421
0.10015,0.0096666,0.010011,0.0031093,0.010518,0.0031421,0.00060243,0.00031302
0.099916,0.0099275,0.0099048,0.003039,0.010623,0.003198,0.00060993,0.0003231
0.10012,0.01008,0.0098209,0.0030822,0.010655,0.0032344,0.00060121,0.00030575
0.099924,0.0096895,0.009908,0.0030757,0.010447,0.0032997,0.00059353,0.00030253
0.099772,0.0096664,0.010027,0.0030292,0.010497,0.003361,0.00060606,0.00030653
0.099914,0.0098982,0.0099233,0.0031177,0.01035,0.0032243,0.00059435,0.000291
0.10042,0.0097066,0.0099849,0.0031045,0.010471,0.0032777,0.00060685,0.00034291
0.099436,0.0098062,0.010034,0.0031465,0.010514,0.0031476,0.00058107,0.00027971
0.099816,0.0098529,0.010022,0.0031259,0.010574,0.0032724,0.00060966,0.00033195
0.10016,0.009754,0.0098894,0.0029724,0.010423,0.0031235,0.0006,0.00031089
0.10022,0.0099823,0.0099408,0.0030703,0.010302,0.0032404,0.0005994,0.00030731
0.099253,0.0092631,0.0098927,0.0030565,0.010391,0.0031346,0.00058877,0.0003001
0.10007,0.0098792,0.010087,0.0029193,0.010518,0.0032938,0.0005992,0.00030141
0.099572,0.0096555,0.010067,0.0030788,0.010464,0.0032409,0.0005996,0.0003279
0.099888,0.0096562,0.010048,0.003053,0.010306,0.0032194,0.000606,0.00032691
0.10017,0.00978,0.0099191,0.0029753,0.010493,0.00316,0.0005964,0.00030577
0.099761,0.0095824,0.01017,0.0030223,0.010589,0.0032084,0.00061477,0.00034087
0.10031,0.0097095,0.0099123,0.0029933,0.010492,0.0032639,0.00058824,0.00029574
0.10004,0.0097336,0.010181,0.0029539,0.010453,0.003304,0.00059661,0.00032013
0.10017,0.0094331,0.0099333,0.0030185,0.010248,0.0031792,0.00060697,0.00033003
0.10032,0.0093743,0.010037,0.0030953,0.010466,0.0032279,0.00060437,0.00033922
0.10025,0.0094106,0.010053,0.0029722,0.010528,0.0031774,0.00060278,0.00034064
0.1003,0.0095984,0.0099325,0.0030288,0.010457,0.0031597,0.00058829,0.00029503
0.10021,0.0094444,0.0099455,0.0029851,0.010509,0.003074,0.00058969,0.00030072
0.10019,0.0095182,0.0098733,0.003138,0.010537,0.003177,0.00059109,0.00031261
0.10003,0.0098664,0.0099377,0.0029787,0.010567,0.0032891,0.00059149,0.00030081
0.099789,0.0095207,0.0099585,0.0030832,0.010535,0.003124,0.00058399,0.00030104
0.10016,0.009614,0.0099427,0.0030289,0.01033,0.0032514,0.0006002,0.00032508
0.10003,0.009456,0.0099832,0.0029615,0.010538,0.0031827,0.00059172,0.00031202
0.10021,0.0096477,0.0099133,0.0029986,0.010572,0.0033114,0.00057833,0.0003013
0.10029,0.0094012,0.0099498,0.0032103,0.010325,0.003089,0.00058366,0.000296
0.099812,0.0095645,0.010018,0.0030266,0.010345,0.0033123,0.00058309,0.00029571
0.10008,0.0097602,0.009999,0.0029353,0.010345,0.0031948,0.00059234,0.00030513
0.10008,0.0091085,0.0099696,0.0030957,0.010377,0.0031831,0.00057802,0.00028973
0.10021,0.0097002,0.010094,0.0030487,0.010541,0.0031614,0.0005598,0.00026312
0.10026,0.0095188,0.0099598,0.0029676,0.010339,0.003096,0.00057786,0.00028384
0.099913,0.0098543,0.010032,0.0030759,0.010499,0.0032253,0.00060665,0.00033285
0.099915,0.0098848,0.010057,0.0031331,0.010494,0.0031879,0.00057967,0.0002907
0.099359,0.0096374,0.010047,0.0030787,0.010439,0.0031561,0.00058008,0.00030768
0.10072,0.0096176,0.010061,0.0030513,0.010391,0.0031626,0.00061073,0.00033262
0.10009,0.0097723,0.010041,0.0030844,0.01049,0.0030836,0.00058382,0.00031021
0.099332,0.0097989,0.010014,0.0030193,0.010516,0.0032397,0.00059786,0.00031867
0.099927,0.0098254,0.0098677,0.0031276,0.010437,0.0031378,0.00057101,0.00028778
0.10008,0.0099119,0.010175,0.0029818,0.010407,0.0031254,0.00057823,0.00030743
0.099841,0.0093847,0.009965,0.0030607,0.010492,0.0031055,0.00059223,0.00031008
0.099771,0.0093571,0.010155,0.0029987,0.010408,0.0031546,0.00058293,0.00031114
0.10015,0.0093577,0.010057,0.0029265,0.010606,0.0030901,0.00057946,0.00030718
0.099897,0.0096714,0.0099506,0.0029205,0.010444,0.0031438,0.00059439,0.0003313
0.099187,0.0090672,0.0098453,0.0029079,0.01029,0.0030755,0.00058897,0.00031669
0.099271,0.009491,0.010035,0.0029611,0.010389,0.003089,0.00056329,0.00028367
0.099732,0.0098619,0.010035,0.003059,0.010508,0.0030989,0.00056757,0.00027698
0.10012,0.0096085,0.010055,0.0030125,0.010414,0.0031231,0.00059691,0.00034089
0.099334,0.0097977,0.01003,0.002864,0.010409,0.0030006,0.00056455,0.00027703
0.099946,0.0095242,0.010066,0.0029987,0.010258,0.0030731,0.0005794,0.00030693
0.10028,0.0096604,0.0099952,0.0029464,0.010561,0.0032738,0.00057019,0.00028917
0.099786,0.0092674,0.010086,0.0030225,0.010577,0.0030951,0.00056868,0.00028758
0.10004,0.0094055,0.0099789,0.0030235,0.010421,0.0031584,0.00057102,0.00030054
0.10024,0.0095064,0.0099358,0.0029364,0.010445,0.0031326,0.00058006,0.00030931
0.10007,0.0095669,0.010073,0.0030229,0.010372,0.003176,0.00058238,0.00030955
0.10016,0.009148,0.010039,0.003012,0.010541,0.0030562,0.00056555,0.00029153
0.10059,0.0095016,0.010042,0.0030704,0.010354,0.0030463,0.00056788,0.00028239
0.099588,0.0099589,0.0098863,0.0029701,0.010511,0.0032615,0.00058835,0.00033452
0.10017,0.009455,0.0099313,0.0028884,0.010411,0.0032633,0.00057538,0.00029946
0.1004,0.0095908,0.0099514,0.0030695,0.010534,0.0031126,0.00056721,0.00028925
0.099592,0.0094305,0.0099943,0.0028942,0.010343,0.0031037,0.00056762,0.0002871
