lest1,l_std1,lest2,l_std2,lest3,l_std3,lest4,l_std4
0.1,1.4162e-015,0.01,1.6835e-016,0.1,1.4162e-015,0.01,1.6835e-016
0.099636,0.026794,0.01,0.00098563,0.091818,0.0090499,0.009901,1.6315e-016
0.10275,0.037907,0.010039,0.0015012,0.08475,0.010778,0.0098039,3.1241e-017
0.10092,0.03899,0.010029,0.0017352,0.079615,0.014144,0.0097087,1.0066e-016
0.10107,0.04328,0.0098942,0.0016143,0.073857,0.012951,0.0096154,2.2736e-016
0.1002,0.046114,0.0099905,0.0020569,0.0702,0.014943,0.0095238,3.1241e-017
0.10044,0.045804,0.010151,0.0025715,0.065937,0.015056,0.0094528,0.00042169
0.097941,0.046668,0.010009,0.0024732,0.063882,0.016709,0.0093458,1.7703e-016
0.10067,0.046725,0.009963,0.0025576,0.060611,0.016741,0.0092593,1.1628e-016
0.099895,0.045954,0.0098899,0.0024615,0.056895,0.015119,0.0091835,0.00029012
0.10125,0.048973,0.0099273,0.0027216,0.05495,0.015914,0.0090909,1.9092e-017
0.099238,0.047427,0.010063,0.0030341,0.052952,0.016048,0.009027,0.00040269
0.10023,0.046622,0.010027,0.0030928,0.050409,0.015023,0.0089375,0.00028235
0.10096,0.049298,0.010027,0.0031342,0.048739,0.014965,0.0088496,8.5044e-017
0.098042,0.047721,0.010105,0.0033637,0.047958,0.016476,0.0087895,0.0003921
0.10128,0.045577,0.010035,0.0034173,0.04596,0.015229,0.0087217,0.0004758
0.097615,0.045864,0.0099052,0.0033046,0.045038,0.015667,0.0086379,0.00038534
0.098815,0.044153,0.0098291,0.0032167,0.042889,0.014684,0.0085641,0.00038204
0.10118,0.046659,0.01,0.0035327,0.042536,0.015182,0.0084831,0.00026799
0.099276,0.044159,0.010143,0.0037801,0.041759,0.015978,0.008437,0.00053068
0.1005,0.044504,0.0098917,0.0034782,0.0394,0.013786,0.008375,0.00058807
0.098806,0.0436,0.01014,0.003856,0.038839,0.014447,0.0082727,0.00026135
0.10041,0.043521,0.010041,0.0039191,0.0385,0.014604,0.0082131,0.00036639
0.099121,0.044139,0.010008,0.0038638,0.037182,0.014203,0.0081382,0.0002571
0.099088,0.042692,0.01021,0.0042484,0.036324,0.014588,0.0080887,0.00044127
0.10109,0.043696,0.010008,0.0040339,0.036171,0.014271,0.008016,0.00035759
0.10139,0.042636,0.009881,0.0038817,0.035222,0.014658,0.0079365,2.6034e-017
0.10014,0.042359,0.010024,0.0040971,0.033865,0.013972,0.0079134,0.00055566
0.099395,0.039152,0.010086,0.0042261,0.033711,0.013323,0.0078438,0.00049336
0.10167,0.041633,0.010101,0.0042281,0.033077,0.013475,0.0077829,0.00048954
0.10295,0.041539,0.0099385,0.0040193,0.033225,0.013626,0.0077308,0.00054284
0.10185,0.041405,0.0097863,0.0041304,0.03161,0.013419,0.0076336,1.2757e-016
0.10181,0.042224,0.010038,0.0042968,0.031071,0.013047,0.0075909,0.00033863
0.097233,0.037273,0.0098722,0.0043281,0.031256,0.013759,0.0075564,0.00053059
0.099977,0.03958,0.0098134,0.0041824,0.029705,0.012838,0.0074851,0.00040834
0.097756,0.03898,0.0099037,0.0043684,0.030822,0.013764,0.0074222,0.0003311
0.09787,0.038394,0.010221,0.0044984,0.029761,0.013387,0.007375,0.00040233
0.10064,0.039096,0.010102,0.0043238,0.029404,0.012844,0.0073212,0.0003994
0.099875,0.039026,0.010319,0.0047332,0.028729,0.012838,0.0073043,0.00064586
0.099184,0.03795,0.01,0.0044598,0.029061,0.013046,0.0072086,0.00032158
0.10158,0.03689,0.0099071,0.0043307,0.02814,0.012708,0.0071929,0.00059582
0.099373,0.038858,0.010021,0.0044789,0.027627,0.012372,0.0071064,0.00031701
0.099904,0.036072,0.010155,0.0045805,0.027596,0.012406,0.0071197,0.00073489
0.10021,0.036771,0.010042,0.0046929,0.026717,0.012677,0.007007,0.00031258
0.099796,0.036182,0.0099792,0.0045984,0.026463,0.011673,0.0069722,0.00043855
0.10271,0.036716,0.0097931,0.0043618,0.026091,0.011925,0.0069241,0.00043552
0.099821,0.036237,0.010007,0.0047895,0.026786,0.012958,0.0068699,0.00037478
0.10005,0.036763,0.01015,0.0048602,0.026754,0.012747,0.0068367,0.00048006
0.09981,0.036243,0.010318,0.0049274,0.0255,0.011566,0.0067905,0.00047682
0.099085,0.034762,0.0099799,0.0046513,0.025644,0.011648,0.006745,0.00047362
0.10003,0.035349,0.010313,0.0048365,0.025133,0.011358,0.0067133,0.0005561
0.10002,0.035802,0.010159,0.0048093,0.024705,0.011781,0.0066623,0.00051169
0.10058,0.034918,0.010316,0.0048699,0.025339,0.012321,0.0066118,0.00046427
0.099381,0.034768,0.010085,0.0047162,0.024365,0.01146,0.0065752,0.000505
0.099078,0.034783,0.010058,0.0048076,0.025031,0.012325,0.0065325,0.00050172
0.10055,0.034372,0.009929,0.0047454,0.023431,0.011472,0.0064903,0.00049849
0.098758,0.034613,0.0099038,0.0047907,0.023758,0.011174,0.0064295,0.00035075
0.10003,0.03192,0.0099045,0.0046348,0.023284,0.011219,0.0064076,0.00049214
0.1,0.034083,0.010272,0.0049654,0.022765,0.011125,0.0063481,0.00034631
0.10074,0.034192,0.010151,0.0050458,0.023072,0.010788,0.0063396,0.00056056
0.099129,0.033045,0.010287,0.0050518,0.022471,0.011077,0.0063062,0.00059055
0.099296,0.033387,0.0098509,0.0046362,0.022577,0.011215,0.0062733,0.00061831
0.10133,0.032649,0.010062,0.0049063,0.022514,0.010829,0.0062037,0.00043561
0.10095,0.03134,0.010061,0.0049349,0.021548,0.010569,0.0061472,0.00027423
0.10231,0.033043,0.0097988,0.0047355,0.022014,0.01045,0.0061341,0.00047113
0.10124,0.032859,0.010024,0.0049569,0.02252,0.010954,0.0060788,0.00033162
0.099303,0.032235,0.01,0.0052001,0.021697,0.010838,0.0060542,0.00042511
0.10104,0.031768,0.010006,0.0049576,0.022169,0.011156,0.006,0.00026766
0.10101,0.032582,0.01019,0.0049219,0.021513,0.010734,0.0059702,0.0003257
0.10075,0.031538,0.0099882,0.0049342,0.021532,0.010862,0.0059822,0.00067185
0.099975,0.031165,0.010018,0.0048202,0.020712,0.010109,0.0059059,0.00037147
0.099877,0.031032,0.010053,0.0048883,0.020667,0.010332,0.0058947,0.00052122
0.1005,0.030486,0.0097791,0.0047998,0.021085,0.010393,0.005843,0.00041028
0.1007,0.031229,0.010081,0.0049156,0.020133,0.010319,0.0058266,0.0005152
0.099798,0.031845,0.0099368,0.0049248,0.020952,0.010373,0.0057989,0.00054303
0.099388,0.030192,0.010263,0.0049722,0.020459,0.0097553,0.0057543,0.00047665
0.10044,0.03087,0.010051,0.0050834,0.020337,0.010155,0.0057102,0.00040096
0.10163,0.030285,0.0099096,0.0049584,0.020287,0.0096612,0.0056949,0.00050355
0.099284,0.029279,0.0099944,0.0048618,0.020182,0.0097923,0.0056404,0.00035478
0.1007,0.030403,0.010128,0.0048277,0.01982,0.0099683,0.005648,0.00058299
0.0994,0.029719,0.010039,0.0048703,0.019556,0.0096042,0.0055889,0.00042925
0.10027,0.029858,0.010155,0.0049864,0.019593,0.0099675,0.005558,0.00042688
0.099522,0.028077,0.01017,0.0049743,0.019489,0.0095437,0.005544,0.00051916
0.10056,0.03031,0.0098361,0.0049689,0.01928,0.0093549,0.0055137,0.00051633
0.10048,0.02845,0.0098641,0.0051721,0.019862,0.0094561,0.0054674,0.00041992
0.10088,0.028959,0.0102,0.0049218,0.019737,0.0095911,0.0054541,0.00051074
0.1,0.030123,0.010038,0.0048689,0.019292,0.009609,0.0054301,0.00053521
0.10144,0.029101,0.010209,0.0050096,0.018948,0.0094744,0.0053904,0.00053331
0.10049,0.027781,0.010021,0.0049882,0.019367,0.0095531,0.0053617,0.00047409
0.1017,0.028726,0.0098889,0.0048743,0.019333,0.0093535,0.0053439,0.00052671
0.09919,0.028773,0.0099684,0.0049081,0.01898,0.0097804,0.0053263,0.00061984
0.10009,0.02916,0.0098429,0.0049128,0.018455,0.0088241,0.005288,0.0005212
0.099843,0.028013,0.0099063,0.0051173,0.019049,0.0094172,0.0052604,0.00056845
0.099398,0.028369,0.0098342,0.0049927,0.018456,0.0089302,0.0052539,0.00065169
0.10026,0.028141,0.0099794,0.0049464,0.018538,0.0092914,0.0052268,0.00060592
0.10043,0.028391,0.0098615,0.0048105,0.018552,0.0094583,0.0051641,0.00042777
0.099679,0.026859,0.0099643,0.0050398,0.018255,0.0091646,0.0051684,0.00057822
0.099794,0.027874,0.0098071,0.0047842,0.018374,0.0088945,0.0051066,0.00039221
0.10031,0.028461,0.0098485,0.0049907,0.018685,0.0095183,0.0051061,0.00052704
0.099046,0.028805,0.0096332,0.0047327,0.018275,0.0089838,0.0050955,0.0005907
0.098455,0.027005,0.010095,0.005039,0.018018,0.0089749,0.005055,0.00052177
0.098171,0.026242,0.010244,0.0051188,0.018036,0.0091032,0.005005,0.00038441
0.10013,0.028122,0.010015,0.0049936,0.018384,0.0092124,0.0049851,0.00041294
0.099009,0.027322,0.010133,0.0049672,0.017416,0.0086251,0.0049754,0.00053764
0.099412,0.026658,0.010191,0.0048272,0.017693,0.0089704,0.0049559,0.00051154
0.09933,0.026628,0.010039,0.0051895,0.017748,0.0087231,0.004922,0.00046092
0.10028,0.026439,0.0099369,0.0050725,0.017466,0.0082698,0.0048883,0.00040492
0.099991,0.02771,0.010213,0.0050392,0.017513,0.0091327,0.0049082,0.00060646
0.10073,0.026359,0.010216,0.0050389,0.017788,0.0090019,0.0048462,0.0004285
0.099664,0.025947,0.010182,0.0049277,0.017723,0.0087581,0.0048373,0.00054327
0.099742,0.025093,0.0099333,0.004846,0.017333,0.0085985,0.0048143,0.00049693
0.099909,0.025725,0.010005,0.005126,0.017587,0.0090109,0.0048104,0.00057637
0.1007,0.025939,0.0097689,0.0048725,0.017172,0.0085303,0.0047453,0.00036446
0.099333,0.027103,0.0099108,0.0050953,0.017593,0.0087271,0.0047653,0.00060837
0.10016,0.025126,0.010192,0.0050532,0.017597,0.0090888,0.0047056,0.00038979
0.099664,0.024947,0.0098977,0.0047902,0.017024,0.0082702,0.0047116,0.00056671
0.09981,0.024974,0.010278,0.0050094,0.016825,0.0083341,0.0046759,0.00046087
0.09989,0.026184,0.0099493,0.0050627,0.016858,0.0082441,0.0046498,0.00043543
0.098703,0.025877,0.0099495,0.0049906,0.017094,0.0087063,0.0046789,0.00064252
0.10009,0.026376,0.010274,0.0050368,0.016868,0.0086331,0.0046164,0.00047651
0.10019,0.026006,0.0098227,0.0049507,0.016662,0.0081027,0.0046045,0.00051514
0.09974,0.025208,0.010063,0.0049877,0.016824,0.0083047,0.0045792,0.00049294
0.098939,0.024629,0.0098063,0.0050057,0.016682,0.0084511,0.0045586,0.00049072
0.10093,0.025027,0.0099283,0.0047188,0.016782,0.0084714,0.0045291,0.00044641
0.10079,0.024439,0.010009,0.0050165,0.016097,0.0081871,0.0045268,0.00052477
0.099496,0.025351,0.010036,0.0049465,0.017007,0.0085288,0.0044933,0.0004638
0.099346,0.02532,0.010186,0.004839,0.01639,0.0083054,0.0044912,0.00053811
0.099036,0.023332,0.010018,0.0049571,0.01692,0.0081022,0.0044537,0.00045971
0.10032,0.025131,0.009864,0.004797,0.016522,0.0083724,0.004443,0.00049706
0.099266,0.024586,0.010192,0.0049746,0.016439,0.0081108,0.0044148,0.0004557
0.099443,0.024758,0.009887,0.0048575,0.016593,0.0080112,0.0044,0.00047365
0.10063,0.025199,0.0099784,0.0049268,0.016638,0.0082087,0.0044069,0.00060754
0.099401,0.025734,0.0098534,0.0049663,0.016338,0.008106,0.0043707,0.00050668
0.10059,0.025221,0.010116,0.0049176,0.015853,0.0076185,0.0043433,0.00046755
0.099292,0.024178,0.0099316,0.0048694,0.016153,0.0083598,0.0043034,0.00035647
0.10072,0.024019,0.009983,0.0049289,0.016138,0.0076724,0.0043447,0.00063945
0.1003,0.024015,0.0099237,0.004891,0.016493,0.0081704,0.0042669,0.00035345
0.10112,0.024726,0.010257,0.004965,0.016211,0.0081909,0.0042616,0.00042004
0.099973,0.023405,0.0098151,0.0048245,0.016128,0.0080987,0.0042563,0.00047618
0.10048,0.024491,0.010017,0.004894,0.016154,0.0077594,0.0042343,0.00049276
0.099133,0.023428,0.0097917,0.0047412,0.016127,0.0078735,0.0042333,0.00052307
0.099735,0.023574,0.0097303,0.0048697,0.016073,0.0078136,0.0042324,0.0005812
0.10163,0.023721,0.0098802,0.0046886,0.016112,0.007842,0.0041777,0.00043122
0.099556,0.023596,0.0098642,0.0048075,0.016046,0.0081936,0.0041687,0.00046638
0.10001,0.023021,0.0097541,0.0048752,0.016156,0.0079935,0.0041762,0.00055981
0.099897,0.023567,0.010314,0.0050269,0.015581,0.0078228,0.0041224,0.00040632
0.10142,0.022616,0.010187,0.0049644,0.015667,0.0078309,0.0041423,0.00055526
0.099076,0.023386,0.010105,0.0049311,0.015376,0.007466,0.0040931,0.00042249
0.099089,0.02329,0.010315,0.004889,0.015253,0.0073517,0.0040847,0.00045698
0.10091,0.023195,0.0095944,0.0047333,0.01566,0.0074769,0.0040763,0.00048841
0.099325,0.022844,0.010136,0.0048337,0.015481,0.0076622,0.004044,0.00041742
0.10132,0.023277,0.0098725,0.0048156,0.015957,0.0077498,0.0040359,0.00045152
0.099809,0.022993,0.010266,0.0050851,0.015802,0.0078665,0.0040437,0.00054204
0.098804,0.022999,0.0099802,0.0048455,0.015546,0.007896,0.0040079,0.00046462
0.10039,0.023035,0.0098622,0.0048242,0.01575,0.007729,0.0040354,0.00063971
0.10081,0.022537,0.0098549,0.0048971,0.015655,0.0073195,0.0039843,0.00049231
0.10034,0.022756,0.01007,0.0049093,0.014958,0.0074933,0.0039531,0.00042555
0.10013,0.022427,0.0096965,0.0046226,0.015713,0.0072207,0.0039533,0.00048847
0.10039,0.021602,0.009876,0.0048244,0.015565,0.0077162,0.0039535,0.00054291
0.10131,0.021774,0.010019,0.0050262,0.014639,0.0070629,0.0039537,0.00059122
0.10046,0.022288,0.0098808,0.0049538,0.015524,0.0074227,0.0039154,0.00051161
0.099749,0.022368,0.0099464,0.0048742,0.01569,0.0076118,0.0038774,0.00041739
0.10046,0.022707,0.0098893,0.0048899,0.015209,0.0070683,0.0038779,0.00047915
0.10006,0.022001,0.010137,0.004949,0.01522,0.0075455,0.0038631,0.00047733
0.10067,0.022231,0.010083,0.004993,0.015132,0.0071084,0.0038371,0.00046153
0.099583,0.022603,0.0097208,0.004773,0.01516,0.0072013,0.003834,0.00050292
0.098989,0.021078,0.0098722,0.0047579,0.014926,0.0071768,0.0038233,0.0005145
0.099819,0.022734,0.0099551,0.0047885,0.015288,0.007149,0.0037828,0.00037284
0.10019,0.021755,0.010078,0.0049941,0.014573,0.0072879,0.0037724,0.00038938
0.099994,0.021627,0.0101,0.0048933,0.015045,0.0070762,0.0037732,0.00045209
0.099617,0.021029,0.0097444,0.0047118,0.0151,0.0072865,0.003763,0.00046496
0.099492,0.021219,0.010018,0.0048724,0.01495,0.0071252,0.0037823,0.0005764
0.10062,0.022001,0.010107,0.0049185,0.01439,0.0066919,0.0037316,0.00044711
0.098945,0.02111,0.010117,0.0047831,0.014831,0.0072905,0.0036996,0.00036465
0.099402,0.021837,0.0099015,0.0047253,0.014755,0.0069118,0.0037299,0.00053561
0.10037,0.022021,0.010062,0.0047418,0.015054,0.0071149,0.0036945,0.0004565
0.10005,0.020775,0.010101,0.0046125,0.015124,0.007071,0.0037065,0.0005434
0.099765,0.020936,0.010043,0.0048277,0.014765,0.0070937,0.0036679,0.00045321
0.10029,0.021068,0.01,0.004868,0.01484,0.0071714,0.0036691,0.00050385
0.098471,0.021034,0.010237,0.0047941,0.014471,0.0067227,0.0036523,0.00048958
0.098958,0.020751,0.0099321,0.0045858,0.015137,0.0072213,0.0036179,0.00040475
0.1004,0.021281,0.0098683,0.0047469,0.014524,0.0067954,0.0036299,0.00049847
0.10115,0.020763,0.010163,0.0050674,0.014661,0.0073079,0.0036277,0.00053184
0.099352,0.021216,0.0096961,0.0045693,0.014679,0.0071213,0.003629,0.00057302
0.09832,0.020405,0.0098944,0.004742,0.014541,0.0070391,0.0035634,0.00038359
0.099826,0.022066,0.010063,0.0050049,0.01439,0.0069566,0.0035719,0.00046673
0.09998,0.021589,0.0099266,0.0047182,0.014556,0.0067051,0.003542,0.00039626
0.10054,0.020681,0.0097456,0.0046403,0.01467,0.0069818,0.0035436,0.00045065
0.10007,0.020557,0.0097813,0.004755,0.014389,0.0070239,0.0035174,0.00039351
0.10059,0.021174,0.010048,0.0046146,0.014402,0.0067304,0.0035329,0.00049639
0.10093,0.021276,0.010072,0.0046399,0.014195,0.0067433,0.0035034,0.00043289
0.099781,0.020807,0.0098076,0.0046341,0.014358,0.0067685,0.0035189,0.0005262
0.10143,0.020743,0.0099212,0.0045975,0.014267,0.0067004,0.0034863,0.00045554
0.099788,0.020621,0.01029,0.0047717,0.014419,0.0066301,0.0034949,0.00054447
0.10106,0.020661,0.009932,0.0046556,0.014275,0.0067997,0.0034524,0.00041365
0.10067,0.019684,0.0099322,0.0047325,0.014366,0.0066094,0.0034441,0.00042555
0.1015,0.020549,0.010111,0.0046896,0.014199,0.006612,0.0034223,0.00038287
0.10043,0.02043,0.0097542,0.004707,0.013932,0.0065537,0.0034141,0.00039579
0.099538,0.020716,0.0099564,0.0047456,0.014476,0.0067562,0.0034195,0.00045837
0.099502,0.019926,0.0098763,0.0045102,0.014498,0.0067072,0.0034247,0.00053354
0.10138,0.019965,0.0097733,0.004523,0.014152,0.0065623,0.00342,0.00057109
0.099227,0.019829,0.010206,0.004767,0.014128,0.0066225,0.0033854,0.0004538
0.10035,0.020615,0.0097947,0.0045355,0.014198,0.0064638,0.0033609,0.00040269
0.09807,0.020802,0.010251,0.0046799,0.014329,0.0067209,0.0033597,0.000439
0.1007,0.020013,0.010168,0.0046622,0.014112,0.0064843,0.0033355,0.00038668
0.1005,0.019726,0.01021,0.0047909,0.014056,0.0063183,0.0033377,0.00043612
0.099653,0.018333,0.010036,0.0049196,0.014093,0.0065833,0.0033203,0.00041025
0.099613,0.019851,0.010033,0.0047312,0.013954,0.0064568,0.0033355,0.00049878
0.099697,0.019736,0.0099578,0.0044899,0.014385,0.006551,0.0033019,0.00041992
0.10107,0.020042,0.0098026,0.0045975,0.014242,0.0068965,0.003301,0.0004533
0.10004,0.020869,0.010106,0.0049741,0.014086,0.0063655,0.0032935,0.00048475
0.10045,0.020072,0.010141,0.0046822,0.013805,0.0064794,0.0033023,0.00052143
0.10004,0.019604,0.010019,0.0046294,0.013977,0.0065004,0.0032756,0.00047037
0.099161,0.019876,0.010054,0.0046249,0.013803,0.0063448,0.0032716,0.00048922
0.099915,0.020098,0.0098376,0.0047208,0.014339,0.0067043,0.0032516,0.00047857
0.10042,0.020034,0.0099175,0.0046275,0.014151,0.0066166,0.0032381,0.00044467
0.10011,0.01965,0.010035,0.0044414,0.014027,0.0062311,0.003231,0.00045397
0.099568,0.019022,0.0099937,0.0044855,0.013815,0.0062042,0.0032114,0.00041961
0.10057,0.019469,0.010182,0.0048121,0.013895,0.006407,0.0032075,0.00044047
0.10033,0.019145,0.0098809,0.0045156,0.014066,0.0065011,0.0031912,0.00041698
0.10015,0.019653,0.0097281,0.0044746,0.014265,0.0067671,0.0031844,0.00044917
0.10009,0.019239,0.010224,0.0046695,0.014303,0.0066952,0.0031713,0.00041439
0.099841,0.019198,0.0095745,0.0045028,0.014112,0.006421,0.0031957,0.0005214
0.099536,0.019618,0.010192,0.0049042,0.013622,0.0061984,0.0032012,0.00056136
0.10103,0.019949,0.010071,0.0044598,0.013645,0.0060069,0.003179,0.00054457
0.10005,0.019772,0.010298,0.0046673,0.013698,0.0062875,0.0031385,0.00043098
0.10011,0.019021,0.010163,0.0045676,0.013449,0.0063133,0.0031411,0.00046971
0.099755,0.018692,0.010153,0.0046377,0.014262,0.006435,0.0031346,0.0004969
0.099366,0.019397,0.01003,0.0043885,0.01387,0.0063174,0.003128,0.00048541
0.1001,0.018307,0.010131,0.0047171,0.013757,0.0063336,0.0030912,0.00039312
0.099554,0.019576,0.010042,0.0046153,0.014121,0.006506,0.0031,0.00047427
0.10012,0.018821,0.010054,0.0046123,0.01351,0.0062609,0.0030604,0.00034239
0.1001,0.019043,0.010292,0.0046794,0.013707,0.0061384,0.0031054,0.00053941
0.099802,0.019547,0.009967,0.0045499,0.013733,0.0063163,0.0030991,0.00052879
0.10085,0.019162,0.0099731,0.0043671,0.013689,0.0064553,0.0030479,0.00042018
0.10051,0.018713,0.010206,0.0045327,0.013906,0.0062433,0.0030567,0.00045709
0.099756,0.018429,0.010039,0.0045665,0.01348,0.0062534,0.0030506,0.00046489
0.1005,0.018788,0.010071,0.0047192,0.014142,0.0064045,0.0030089,0.00034881
0.10026,0.01889,0.0098077,0.0045452,0.013641,0.0064426,0.0030237,0.00043419
0.099422,0.018504,0.0099558,0.0046331,0.013763,0.006121,0.0030324,0.00048689
0.099516,0.019157,0.010029,0.004587,0.013712,0.0057757,0.0030294,0.00050198
0.098841,0.017706,0.0099296,0.004468,0.013713,0.005948,0.0030176,0.00049235
0.10016,0.018372,0.0099971,0.0043993,0.013571,0.0060494,0.0030088,0.00050804
0.10004,0.0181,0.010073,0.004667,0.013395,0.0059682,0.0029708,0.00039823
0.099709,0.018079,0.01,0.0044361,0.013382,0.006102,0.0029767,0.00044513
0.10112,0.018879,0.0098638,0.0045379,0.013369,0.0060678,0.0029565,0.000406
0.10022,0.018903,0.010049,0.0044754,0.013727,0.0062014,0.0029653,0.00049517
0.10039,0.017831,0.010063,0.0045734,0.013331,0.0059812,0.0029539,0.00045015
0.099973,0.018622,0.0098908,0.0046399,0.01324,0.0059636,0.0029914,0.00057008
0.10005,0.017826,0.0099656,0.0042939,0.013471,0.0059543,0.0029226,0.00042133
0.10043,0.018602,0.010003,0.0042955,0.013504,0.0061592,0.0029229,0.00042851
0.099556,0.017993,0.0098433,0.0043191,0.013456,0.005931,0.0029202,0.00044502
0.099836,0.018656,0.010114,0.0044891,0.013435,0.0061736,0.0029233,0.00047696
0.099335,0.018785,0.010048,0.0043539,0.013441,0.0062216,0.0028839,0.00037682
0.098951,0.01865,0.0099492,0.0047356,0.013386,0.0059668,0.0028814,0.00041538
0.099642,0.018078,0.010101,0.0045676,0.013487,0.005915,0.0029099,0.00050345
0.10049,0.018108,0.010014,0.0044203,0.013504,0.0062708,0.0028848,0.00045552
0.10031,0.018097,0.0098768,0.004257,0.013577,0.0058992,0.0028655,0.00042011
0.1,0.017138,0.0099358,0.0044441,0.013612,0.0060382,0.0028743,0.00048534
0.10006,0.017922,0.010003,0.0045056,0.013323,0.0057487,0.0028747,0.00050608
0.099841,0.017323,0.010036,0.0045879,0.013081,0.0057965,0.0028611,0.00049011
0.099269,0.017112,0.0098615,0.004198,0.013203,0.0059,0.0028393,0.0004501
0.10004,0.018107,0.010138,0.0043692,0.013191,0.0059177,0.0028066,0.00036816
0.10083,0.01835,0.010135,0.0045889,0.01341,0.0060354,0.0028402,0.00049334
0.098807,0.017403,0.0099176,0.0045214,0.01308,0.0058594,0.0028104,0.00041203
0.099902,0.017486,0.0099589,0.0043992,0.013364,0.006098,0.0027945,0.00038375
0.099594,0.016794,0.0099235,0.0042897,0.013279,0.0057119,0.002806,0.00044307
0.10068,0.018259,0.010292,0.0045219,0.013029,0.0057019,0.0027793,0.00038166
0.09973,0.017877,0.010155,0.0045557,0.013299,0.0059084,0.0027935,0.00046471
0.10034,0.017793,0.0098076,0.0041652,0.013297,0.0060069,0.0028076,0.00051945
0.099289,0.017981,0.010008,0.0041371,0.012939,0.0058571,0.0027486,0.00036988
0.099459,0.017655,0.010267,0.0043051,0.01368,0.0059618,0.0027898,0.00052414
0.10002,0.017727,0.010038,0.0045127,0.013032,0.0059615,0.0027608,0.00043593
0.099671,0.017923,0.010177,0.0043783,0.01318,0.0058851,0.0027212,0.00032604
0.1006,0.016981,0.009992,0.0045539,0.013246,0.0058179,0.0027326,0.0003924
0.10015,0.017277,0.010179,0.0044256,0.013018,0.0057726,0.0027307,0.00040833
0.099696,0.017058,0.0099574,0.0044751,0.01314,0.0059155,0.0027314,0.00046296
0.10025,0.017695,0.010053,0.0043412,0.013488,0.0059164,0.0027215,0.00042232
0.09941,0.016455,0.010074,0.0044896,0.013028,0.0054999,0.0027328,0.00047282
0.099585,0.017511,0.010127,0.0044045,0.013159,0.0056549,0.0027018,0.00040403
0.099421,0.016493,0.010053,0.0043722,0.012779,0.0054719,0.0026816,0.00035946
0.098852,0.017375,0.0097559,0.0043205,0.013381,0.0056419,0.0026955,0.00044153
0.10033,0.01671,0.010099,0.0042603,0.01324,0.0057109,0.0026859,0.00043294
0.099645,0.018081,0.0098486,0.0042445,0.0127,0.0057273,0.0027128,0.00051904
0.099966,0.016944,0.010063,0.0042745,0.013259,0.0058406,0.0026693,0.00040678
0.099661,0.017338,0.0099506,0.0044151,0.013163,0.0056317,0.0026935,0.00049054
0.10012,0.017268,0.0099482,0.0044021,0.012953,0.0057027,0.002671,0.00047821
0.10029,0.016867,0.01007,0.004421,0.012976,0.0057905,0.0026537,0.00041903
0.10021,0.016777,0.009768,0.004324,0.01296,0.005637,0.0026443,0.00041035
0.10115,0.017262,0.010041,0.0043687,0.012987,0.0055422,0.0026324,0.00039364
0.099657,0.01669,0.010072,0.0042641,0.013253,0.0057061,0.0026256,0.00039263
0.099435,0.017446,0.010192,0.0043067,0.012934,0.0056717,0.0026292,0.00042214
0.10073,0.017234,0.010217,0.0043306,0.012765,0.0054133,0.0026046,0.00036596
0.10084,0.016794,0.010048,0.0043327,0.012964,0.005618,0.0026234,0.00045568
0.099474,0.016653,0.010246,0.0042866,0.013033,0.0055605,0.0026168,0.00044011
0.10002,0.016329,0.0098709,0.0043466,0.013111,0.0054861,0.0025873,0.00037154
0.09965,0.017515,0.0099419,0.0043972,0.012905,0.005333,0.0026086,0.00045133
0.09957,0.016573,0.0099773,0.0044225,0.012945,0.0056384,0.0025819,0.00040928
0.10012,0.016218,0.010224,0.0043251,0.013055,0.0055741,0.0026106,0.00048666
0.099621,0.017245,0.010065,0.0042582,0.012984,0.0054756,0.002609,0.00049722
0.1,0.01718,0.009965,0.0041778,0.012681,0.0052995,0.0025725,0.00044855
0.1002,0.017005,0.01001,0.0042997,0.012794,0.0055559,0.002591,0.00050814
0.099644,0.016583,0.010032,0.004315,0.012753,0.0055769,0.0025697,0.00044459
0.10025,0.016568,0.01006,0.0044571,0.012955,0.0055087,0.0025558,0.00042351
0.10011,0.016629,0.0098614,0.0042461,0.012729,0.0055528,0.0025594,0.00044881
0.10003,0.016812,0.010027,0.0044173,0.012905,0.0055075,0.0025481,0.00043479
0.10004,0.016613,0.010172,0.0042691,0.012639,0.0055149,0.002532,0.00042121
0.099937,0.017037,0.010064,0.004288,0.012767,0.0055684,0.002543,0.00045177
0.099525,0.016755,0.010164,0.0043518,0.012909,0.0056264,0.0025368,0.00046382
0.10074,0.016879,0.0097604,0.0043539,0.012586,0.0056548,0.0025379,0.00049263
0.099709,0.016803,0.010024,0.0044059,0.012612,0.0054034,0.0025122,0.00041627
0.10064,0.016539,0.010007,0.0043711,0.012826,0.0055575,0.0025061,0.00042929
0.10112,0.016505,0.010015,0.0043455,0.012795,0.0055265,0.002534,0.00050976
0.10082,0.016472,0.010048,0.0042498,0.012567,0.0052908,0.0025109,0.00046994
0.10034,0.016491,0.0099903,0.004184,0.012463,0.0054128,0.0024589,0.00033899
0.10033,0.017012,0.010084,0.004116,0.01272,0.0053992,0.0024506,0.00031165
0.10044,0.016842,0.010281,0.0043453,0.01312,0.0055483,0.0025216,0.000541
0.10032,0.01648,0.0099616,0.004135,0.013037,0.0057825,0.002458,0.00037459
0.10043,0.01614,0.010043,0.0043512,0.012558,0.0051791,0.0024761,0.00043988
0.10004,0.01584,0.0099165,0.0041144,0.0129,0.0054319,0.0024702,0.00045164
0.10067,0.016361,0.010052,0.0043877,0.012691,0.0053815,0.0024452,0.00038611
0.099069,0.016661,0.0099667,0.0042483,0.012749,0.0053302,0.0024489,0.00041189
0.09938,0.016114,0.0099431,0.0042922,0.013024,0.0054603,0.0024526,0.00044843
0.099649,0.015413,0.010121,0.0042019,0.012889,0.005447,0.0024468,0.0004597
0.10022,0.015825,0.0098608,0.0041788,0.012623,0.00526,0.0024646,0.00048917
0.10011,0.016124,0.0099224,0.0041568,0.012343,0.0051839,0.0024306,0.00044611
0.099857,0.0157,0.010023,0.0042955,0.012777,0.0052251,0.0024225,0.00041335
0.099941,0.016343,0.010007,0.0043029,0.012887,0.005267,0.0024379,0.00046461
0.10018,0.015962,0.010124,0.0043092,0.012769,0.0054886,0.0024206,0.00044785
0.099507,0.015813,0.010238,0.0042853,0.012617,0.0053664,0.0023916,0.00037113
0.099915,0.016493,0.010035,0.0042292,0.012559,0.0052468,0.002407,0.00044009
0.10147,0.016114,0.010179,0.0041741,0.012636,0.0051755,0.002413,0.00045489
0.099681,0.01594,0.0099861,0.0041979,0.012711,0.0051893,0.0024144,0.00048109
0.099822,0.015707,0.010185,0.004177,0.012647,0.0052535,0.0023926,0.00044268
0.1003,0.016022,0.0096106,0.0040127,0.012823,0.0052947,0.0023802,0.00041181
0.10026,0.015754,0.010131,0.0042816,0.012536,0.00525,0.0023931,0.00045607
0.098275,0.016143,0.010085,0.0042272,0.012367,0.0049994,0.0023853,0.00044967
0.099951,0.015649,0.0099703,0.0043762,0.012821,0.0054367,0.002357,0.00039056
0.10009,0.015601,0.010055,0.0042678,0.012428,0.0053148,0.0023356,0.00035733
0.10021,0.016166,0.0098975,0.003925,0.012427,0.0051581,0.0023326,0.00034881
0.099383,0.015637,0.010184,0.0041305,0.012846,0.0054658,0.0023455,0.0004002
0.099157,0.016093,0.0099342,0.0040303,0.012442,0.005236,0.0023379,0.00040609
0.10065,0.015969,0.010206,0.0042936,0.012517,0.0052588,0.002319,0.0003534
0.10028,0.01544,0.01019,0.0042755,0.012499,0.0051113,0.0023228,0.00037899
0.10051,0.015309,0.010023,0.0041657,0.012424,0.0051834,0.0023356,0.00042535
0.10035,0.015289,0.010128,0.0041978,0.012611,0.0051209,0.0023303,0.0004244
0.099708,0.015524,0.010267,0.0040885,0.012635,0.0052502,0.0023161,0.0004131
0.099916,0.015576,0.0099172,0.0042829,0.012356,0.0049185,0.0023132,0.00040564
0.099872,0.015886,0.010013,0.0041576,0.012709,0.0054115,0.0023237,0.00047542
0.09976,0.015647,0.010127,0.0040807,0.012758,0.0053401,0.0023029,0.00040383
0.1009,0.01512,0.010113,0.0040884,0.0122,0.0053142,0.0023022,0.00041419
0.10017,0.014233,0.0099113,0.0041343,0.012227,0.0049768,0.0022683,0.00033255
0.10033,0.015774,0.0099956,0.0040885,0.012384,0.0050433,0.0022743,0.00039108
0.099983,0.015269,0.010208,0.0040932,0.012468,0.0051308,0.0022737,0.00038949
0.099973,0.015241,0.010183,0.0040111,0.012577,0.0051023,0.0022841,0.0004275
0.1001,0.014904,0.0099626,0.0039878,0.012425,0.005379,0.0022725,0.00039851
0.10048,0.015211,0.0099934,0.0040746,0.012257,0.005033,0.0022741,0.00041416
0.10074,0.015795,0.009814,0.0040722,0.012379,0.005074,0.0022691,0.00041325
0.09878,0.015278,0.0098755,0.0042749,0.012601,0.0052263,0.0022555,0.00039023
0.10059,0.015174,0.010109,0.0042044,0.012412,0.0048967,0.0022702,0.00045845
0.10018,0.015655,0.0099457,0.0040716,0.012697,0.0051596,0.0022565,0.00041585
0.1003,0.015285,0.010204,0.004252,0.012674,0.0052273,0.0022668,0.00044991
0.099589,0.015536,0.0099567,0.0040584,0.012392,0.0052276,0.0022381,0.00039247
0.099962,0.015483,0.0097689,0.0039382,0.012335,0.005241,0.0022397,0.0004079
0.10001,0.014891,0.010183,0.0040692,0.01227,0.0050447,0.0022241,0.0003795
0.10054,0.015235,0.0099269,0.0041256,0.012189,0.0049534,0.0022151,0.00037944
0.10077,0.015096,0.010105,0.0041534,0.012463,0.0049848,0.0022296,0.00042659
0.099732,0.015291,0.009985,0.0041738,0.012305,0.0049993,0.0021927,0.00032789
0.10063,0.015218,0.010034,0.003989,0.012103,0.0049492,0.0022265,0.00043935
0.099681,0.015975,0.0099893,0.0040441,0.012604,0.0050924,0.002194,0.00035798
0.099884,0.015016,0.0099553,0.0038939,0.012134,0.0049057,0.0022255,0.00046582
0.0999,0.015067,0.009966,0.0039136,0.012459,0.0051318,0.0021805,0.0003443
0.10026,0.015568,0.0099619,0.0040437,0.012419,0.0050055,0.0021864,0.00037307
0.099376,0.015429,0.010165,0.0041757,0.01253,0.0050455,0.0021839,0.00037786
0.099466,0.015312,0.0097215,0.0040206,0.01231,0.005074,0.0021793,0.00037706
0.099795,0.014682,0.00992,0.0040707,0.012216,0.0048274,0.0021747,0.00037627
0.10035,0.015162,0.010296,0.0041928,0.012337,0.0050682,0.002187,0.00043747
0.1002,0.014741,0.0098826,0.0040705,0.012543,0.0048975,0.0021572,0.00035197
0.099892,0.014782,0.0099226,0.0041096,0.012327,0.0050266,0.0021778,0.00042547
0.09944,0.015069,0.0099875,0.0039506,0.012303,0.0051118,0.0021921,0.00047401
0.099746,0.015023,0.0099521,0.0038734,0.011974,0.0049778,0.0021313,0.00031245
0.099754,0.015525,0.0099044,0.0040109,0.012299,0.0049713,0.0021684,0.00044198
0.099926,0.014892,0.0099793,0.0040992,0.012163,0.0049294,0.0021473,0.00038148
0.099718,0.015101,0.010141,0.0042348,0.012247,0.0051043,0.0021677,0.00045755
0.10034,0.01487,0.0098905,0.0039154,0.012038,0.0047838,0.0021446,0.00039523
0.099648,0.015146,0.010113,0.0040603,0.012104,0.0048636,0.0021546,0.00043748
0.10009,0.014782,0.009965,0.0041615,0.012346,0.004715,0.0021379,0.00039854
0.099466,0.014614,0.0098973,0.0040067,0.012446,0.0049702,0.002115,0.00035046
0.099676,0.015021,0.0099385,0.0040589,0.012279,0.0048317,0.0021516,0.00045614
0.099476,0.014601,0.01002,0.0038069,0.012484,0.0049916,0.0021247,0.0003961
0.10008,0.015004,0.0099224,0.0040954,0.012185,0.0049066,0.0021286,0.0004142
0.10017,0.015117,0.0097515,0.0037887,0.012544,0.0049895,0.0021059,0.00038036
0.10038,0.015081,0.0099045,0.0039036,0.011896,0.0047721,0.0021179,0.00043726
0.099203,0.014769,0.009931,0.004035,0.012447,0.0049277,0.0021318,0.00047333
0.10012,0.014909,0.0098036,0.003971,0.012304,0.0049369,0.0021154,0.00041985
0.099533,0.014602,0.010091,0.0039808,0.012131,0.0050358,0.0020889,0.00038797
0.09964,0.014833,0.010091,0.0038921,0.012313,0.0047994,0.0020907,0.0003913
0.10018,0.014449,0.0099859,0.0040169,0.012199,0.0048433,0.0020986,0.00041817
0.10035,0.014789,0.0098655,0.0038943,0.012027,0.004864,0.0020944,0.00041733
0.099499,0.015168,0.01018,0.0040656,0.012056,0.0048037,0.0020882,0.00040218
0.10104,0.01507,0.01011,0.0040349,0.012232,0.0048035,0.002076,0.00038258
0.1008,0.014235,0.0099301,0.0040428,0.012075,0.0048366,0.0020898,0.00043198
0.099706,0.014511,0.0098606,0.0039175,0.012374,0.0049746,0.0020677,0.00038106
0.10072,0.014407,0.010012,0.004019,0.012291,0.0048111,0.0020596,0.00038107
0.099606,0.014577,0.0099702,0.0039094,0.012051,0.0048024,0.0020595,0.00040951
0.1001,0.01433,0.010014,0.0038097,0.011887,0.0049246,0.0020792,0.00043179
0.10029,0.014745,0.0098577,0.0041172,0.012207,0.0047702,0.0020553,0.00039743
0.099213,0.014806,0.0099389,0.0038496,0.012017,0.0048194,0.0020473,0.0003773
0.099995,0.014151,0.01002,0.0039517,0.012244,0.004549,0.0020512,0.00044143
0.10081,0.014594,0.010065,0.0040369,0.011788,0.0046531,0.0020354,0.00036618
0.099352,0.014643,0.010055,0.0039566,0.012233,0.0050985,0.0020529,0.00043333
0.099701,0.014001,0.0099628,0.003959,0.012055,0.0047799,0.0020274,0.00037511
0.10056,0.013953,0.010148,0.0040801,0.01219,0.0047755,0.0020508,0.00042589
0.10018,0.014392,0.0099084,0.0040008,0.012225,0.0049205,0.0020312,0.00039121
0.10017,0.014547,0.010111,0.0038125,0.011943,0.0046968,0.0020214,0.00037683
0.10041,0.014063,0.009866,0.0039578,0.012009,0.0046294,0.0020117,0.00036191
0.10019,0.0142,0.010052,0.004044,0.012134,0.0047453,0.002031,0.00042346
0.099621,0.014075,0.010139,0.0040043,0.012042,0.0047316,0.0020213,0.00040118
0.10058,0.014836,0.010089,0.0040721,0.012082,0.0046868,0.0019981,0.00036532
0.10002,0.014031,0.0098285,0.0039265,0.012177,0.0048337,0.0019807,0.00031803
0.099879,0.01406,0.0098846,0.0039667,0.01204,0.0046545,0.0020135,0.00041619
0.099717,0.014285,0.0099232,0.0039854,0.01206,0.0047351,0.0019846,0.00036861
0.10021,0.014258,0.0099674,0.0037626,0.012067,0.0048755,0.002,0.00040234
0.099471,0.014321,0.0099962,0.0037526,0.012129,0.0048416,0.0019962,0.0004194
0.10016,0.014339,0.0097328,0.0038868,0.012074,0.0047672,0.0019885,0.0003924
0.099269,0.013995,0.0099695,0.0038753,0.011903,0.0046277,0.0019733,0.0003651
0.10026,0.015002,0.0099829,0.003736,0.012204,0.0047739,0.001962,0.00033477
0.099979,0.014034,0.01011,0.0039177,0.012016,0.0045387,0.001981,0.00039852
0.099938,0.013894,0.009928,0.003919,0.011902,0.0047475,0.001983,0.00041856
0.10006,0.014461,0.010043,0.0037269,0.012128,0.004659,0.0019924,0.00043576
0.099602,0.014205,0.010147,0.0038061,0.011684,0.0047114,0.0019585,0.00037067
0.099374,0.013839,0.0099134,0.0038339,0.012456,0.0047653,0.0019812,0.00041834
0.099581,0.014582,0.010203,0.0039658,0.012009,0.0047799,0.0019624,0.00038571
0.099887,0.013359,0.00997,0.0038476,0.012122,0.0046969,0.0019587,0.00039403
0.10045,0.013748,0.0098745,0.0039079,0.011941,0.0047024,0.0019551,0.00041076
0.10011,0.014194,0.0099121,0.003789,0.012009,0.0046272,0.0019402,0.00037661
0.099661,0.014034,0.01019,0.00387,0.01217,0.0048367,0.0019328,0.00034773
0.10003,0.014327,0.0099255,0.0038051,0.011828,0.0047642,0.0019348,0.00036069
0.10005,0.014444,0.010041,0.0039539,0.012085,0.0047072,0.0019349,0.00037802
0.099695,0.013784,0.01015,0.0038479,0.012169,0.0046606,0.0019443,0.0003968
0.10028,0.014458,0.010135,0.0038993,0.011844,0.0046643,0.0019463,0.00041594
0.099685,0.013969,0.009976,0.0037206,0.01229,0.0046756,0.0019353,0.0004085
0.1001,0.014182,0.0097417,0.0039598,0.011971,0.0046304,0.0019207,0.00037523
0.1003,0.014392,0.010158,0.0040114,0.012086,0.0047356,0.0019208,0.00038275
0.10055,0.013705,0.010086,0.0038918,0.011837,0.0044031,0.0019118,0.00039617
0.099675,0.014045,0.009767,0.0037661,0.011916,0.0046218,0.0019083,0.00039544
0.10011,0.013775,0.0099872,0.0038836,0.012029,0.0046085,0.0019048,0.00036831
0.10018,0.013566,0.0099598,0.0037713,0.012166,0.0048789,0.0019159,0.00041587
0.099434,0.014093,0.010027,0.0038686,0.012142,0.0046125,0.0019051,0.00037445
0.099749,0.013696,0.010275,0.0039324,0.011996,0.0044629,0.0018925,0.00035281
0.10003,0.014259,0.0098036,0.0039135,0.01202,0.0045034,0.00188,0.00036764
0.099787,0.013926,0.010143,0.0038987,0.011907,0.0045843,0.0019056,0.00040399
0.099571,0.013641,0.0097862,0.0037076,0.011922,0.0045652,0.0019112,0.00042109
0.10066,0.013788,0.0099096,0.0037349,0.012041,0.0044718,0.0019042,0.00042117
0.10081,0.013908,0.0099332,0.0037073,0.011679,0.0043966,0.0018863,0.00037438
0.10043,0.013943,0.0098901,0.003732,0.011882,0.0045963,0.0018847,0.00038615
0.099644,0.014087,0.010083,0.0038915,0.011856,0.0044143,0.0019011,0.00042488
0.10039,0.013814,0.010205,0.0038876,0.011595,0.0043532,0.0018995,0.00043495
0.099893,0.013544,0.0098369,0.0036119,0.011897,0.0044193,0.0018692,0.00037246
0.10058,0.013653,0.010045,0.0038298,0.01162,0.0047383,0.0018658,0.00037179
0.10019,0.013651,0.01013,0.0039403,0.011811,0.0044262,0.0018571,0.0003501
0.10035,0.013763,0.01008,0.0037511,0.011847,0.0046069,0.0018699,0.00039316
0.099561,0.013791,0.010126,0.0037519,0.011979,0.004675,0.001863,0.00037677
0.09978,0.013432,0.010108,0.0039344,0.011571,0.0043459,0.0018686,0.00041788
0.10046,0.013275,0.0099167,0.0037081,0.011785,0.0043075,0.0018528,0.00036774
0.099893,0.013916,0.0099239,0.0037105,0.012015,0.0046526,0.0018584,0.00039398
0.099872,0.013511,0.010019,0.003725,0.011765,0.0045781,0.0018445,0.00036254
0.099361,0.01359,0.010081,0.0037752,0.011904,0.0044486,0.0018466,0.00038169
0.10008,0.014093,0.0099806,0.0037595,0.012046,0.004574,0.0018292,0.00034999
0.099403,0.013572,0.010072,0.0038373,0.01201,0.0044769,0.0018489,0.00040593
0.099848,0.013293,0.010137,0.0037493,0.011727,0.0044905,0.0018386,0.00042886
0.10034,0.013758,0.0099702,0.0036757,0.01185,0.0044065,0.0018144,0.00034471
0.10086,0.012945,0.0099353,0.0037841,0.01201,0.0043908,0.0018269,0.0003626
0.10048,0.01361,0.0098569,0.0036643,0.011522,0.0043755,0.0018307,0.00038493
0.099717,0.013321,0.0099129,0.0036661,0.011814,0.0045367,0.0018345,0.0003905
0.10009,0.013362,0.010212,0.0038976,0.011866,0.0045538,0.0018487,0.00042986
0.099556,0.013247,0.010097,0.0036576,0.011924,0.0045732,0.0018194,0.00039493
0.1001,0.013341,0.0098562,0.0038621,0.011973,0.0043408,0.0018076,0.00035175
0.10068,0.01327,0.0099896,0.0036813,0.011717,0.0044184,0.001827,0.00039799
0.10002,0.012997,0.0097858,0.003767,0.01192,0.0043305,0.0018187,0.00038713
0.099851,0.013542,0.010116,0.0038337,0.011769,0.0044952,0.0018103,0.00038379
0.099862,0.012933,0.010012,0.0036479,0.01167,0.0043327,0.0018021,0.0003725
0.10066,0.013181,0.010244,0.0039705,0.011459,0.0044538,0.0017938,0.00036896
0.10023,0.01356,0.0099108,0.0037436,0.011866,0.0046427,0.0017907,0.00035197
0.099903,0.013339,0.009875,0.0036345,0.011674,0.0045154,0.0017808,0.00033571
0.10023,0.01334,0.0098615,0.0037733,0.01196,0.0046345,0.0017863,0.00037068
0.099815,0.012864,0.0099352,0.0036643,0.011603,0.004537,0.0017816,0.00035017
0.099686,0.01287,0.010005,0.0037119,0.011819,0.0042237,0.0017819,0.00037297
0.099847,0.01355,0.010121,0.003732,0.011807,0.0042682,0.0017806,0.00036011
0.099886,0.013233,0.010221,0.0039958,0.011741,0.0044024,0.0017861,0.00038472
0.099548,0.01322,0.010044,0.0036734,0.011928,0.0043421,0.0018102,0.00044665
0.10002,0.01295,0.0096954,0.0037486,0.011691,0.0043563,0.0017936,0.00042288
0.099745,0.013447,0.01001,0.0036131,0.011689,0.0044532,0.0017652,0.00035035
0.099412,0.013297,0.0099781,0.0037034,0.011581,0.0043462,0.0017605,0.00035416
0.099851,0.013046,0.0099529,0.0038046,0.01194,0.0044049,0.0017778,0.00040165
0.099087,0.013101,0.009842,0.0036737,0.011838,0.0042443,0.0017597,0.00036373
0.09981,0.013584,0.0099295,0.0037368,0.011874,0.0045123,0.0017651,0.00038754
0.099527,0.013381,0.0099564,0.0038614,0.011631,0.0043119,0.0017571,0.00037698
0.10061,0.013563,0.0097157,0.003593,0.011719,0.0044175,0.0017492,0.00035838
0.1,0.013655,0.010068,0.0038692,0.011674,0.0044192,0.0017513,0.00036056
0.099541,0.013339,0.0098417,0.0036601,0.011478,0.0041581,0.0017417,0.00036141
0.099757,0.01351,0.0099867,0.003741,0.011423,0.0043528,0.0017404,0.00034874
0.1003,0.012773,0.0099402,0.0037759,0.011877,0.0042429,0.0017309,0.00034156
0.099782,0.01345,0.0099602,0.0036578,0.011782,0.00434,0.0017446,0.00038304
0.099794,0.012689,0.0099536,0.0037024,0.011696,0.0042431,0.0017517,0.00040789
0.099596,0.013148,0.010007,0.0037108,0.011856,0.0042726,0.0017438,0.00039125
0.099574,0.012774,0.0098548,0.0036737,0.011882,0.0044998,0.0017294,0.00036057
0.10118,0.01302,0.010061,0.0036484,0.011534,0.0043521,0.0017381,0.00038996
0.099853,0.012705,0.0097253,0.0035839,0.011637,0.004399,0.0017286,0.00037668
0.10013,0.013005,0.0099064,0.0036045,0.011536,0.0042702,0.0017077,0.00033021
0.099737,0.012481,0.0099049,0.0037193,0.01179,0.0042337,0.0017115,0.00033639
0.099006,0.012884,0.0099689,0.0036242,0.01177,0.0044965,0.001725,0.00037727
0.10028,0.013303,0.010152,0.0038164,0.011902,0.0043427,0.0017059,0.00033529
0.10029,0.012819,0.010086,0.0037947,0.011648,0.0041036,0.0017243,0.00038537
0.099681,0.013136,0.010064,0.0037396,0.011605,0.0042508,0.0017313,0.00040255
0.09992,0.013056,0.010073,0.003641,0.011674,0.0044442,0.0017431,0.00043292
0.099067,0.012746,0.010041,0.0035823,0.011702,0.0043086,0.0016899,0.00033015
0.10034,0.012413,0.0099708,0.003698,0.011664,0.0042099,0.0017066,0.00038438
0.099208,0.013249,0.0098188,0.0035614,0.011561,0.0042957,0.0016942,0.0003502
0.10036,0.012926,0.0098837,0.003553,0.011741,0.0044049,0.0017044,0.00036849
0.099806,0.012851,0.0099452,0.0035635,0.012091,0.0044205,0.0016887,0.00034907
0.10016,0.012967,0.010018,0.0036725,0.011678,0.0041728,0.001694,0.00037194
0.10021,0.012974,0.010031,0.003646,0.011615,0.0042316,0.0016913,0.00035714
0.099897,0.012486,0.010144,0.003613,0.011492,0.0042389,0.001695,0.00036924
0.10037,0.012769,0.01,0.003589,0.011695,0.0043194,0.0016715,0.00033306
0.099473,0.013253,0.0099456,0.003741,0.011944,0.0044246,0.0016944,0.00038392
0.10039,0.012652,0.010038,0.0036197,0.01164,0.0041671,0.0016805,0.00036198
0.10001,0.012965,0.010193,0.0036493,0.011825,0.0043413,0.0016667,0.00033079
0.099507,0.0135,0.0098822,0.0035913,0.01184,0.0042566,0.0016736,0.00035766
0.10033,0.013326,0.010129,0.0037382,0.011857,0.0043469,0.00169,0.00040563
0.10009,0.013288,0.010152,0.0036274,0.011709,0.0042342,0.0016794,0.00038456
0.10051,0.012865,0.0098494,0.0035634,0.011584,0.0041959,0.0016704,0.00036532
0.1004,0.01244,0.010172,0.0035508,0.011795,0.004338,0.0016661,0.00036166
0.10024,0.012698,0.009752,0.0034905,0.01153,0.0043231,0.001654,0.00033451
0.099925,0.013154,0.010151,0.0036691,0.011949,0.0043398,0.0016262,0.00028247
0.099262,0.012735,0.0099244,0.0035849,0.011798,0.0044299,0.0016882,0.00041332
0.099412,0.012214,0.0099858,0.0037233,0.011584,0.0041662,0.0016494,0.00033958
0.099662,0.011884,0.0099812,0.0036801,0.011532,0.0042192,0.0016593,0.00037086
0.1005,0.012652,0.010086,0.0037792,0.011569,0.0042388,0.0016364,0.00032918
0.099608,0.012398,0.0098795,0.0035708,0.011754,0.0041532,0.0016401,0.00034195
0.10042,0.012593,0.010047,0.0034848,0.011669,0.00423,0.0016531,0.00037203
0.10006,0.012272,0.0099766,0.0036628,0.011577,0.0041444,0.0016271,0.00031663
0.099614,0.012582,0.010058,0.0036794,0.011475,0.0041776,0.0016667,0.00040369
0.10005,0.012491,0.009888,0.0036084,0.011588,0.0041429,0.0016719,0.0004157
0.1002,0.012644,0.01003,0.0036349,0.011756,0.0042137,0.0016382,0.00036093
0.1002,0.012803,0.0098589,0.0035657,0.011746,0.0040741,0.0016264,0.00034196
0.10062,0.012302,0.0098777,0.0035187,0.011647,0.0042398,0.0016347,0.00037576
0.10073,0.012852,0.009881,0.0034704,0.011549,0.0040626,0.0016321,0.00036875
0.10029,0.01249,0.0099198,0.0035988,0.011534,0.0040745,0.0016327,0.00037387
0.099964,0.012201,0.0097904,0.0035952,0.011487,0.0041126,0.0016133,0.00032626
0.10056,0.012785,0.010029,0.0036579,0.011273,0.0041321,0.0016231,0.00035091
0.099547,0.012605,0.010203,0.0037519,0.011488,0.0040836,0.0016313,0.00038316
0.099772,0.012583,0.010178,0.0035992,0.011665,0.0042402,0.0016258,0.00037713
0.10024,0.012765,0.010075,0.003679,0.011735,0.0039771,0.0016309,0.00038388
0.09991,0.012422,0.0099037,0.0035915,0.011562,0.0042187,0.0016269,0.00038063
0.099593,0.012474,0.010003,0.0035631,0.011442,0.0041848,0.0016092,0.0003585
0.10021,0.012518,0.0098735,0.0035123,0.011496,0.0040741,0.0016128,0.00036931
0.099561,0.012806,0.0098615,0.0035906,0.011623,0.0041344,0.0015982,0.00033881
0.099423,0.012696,0.0099514,0.0036403,0.011658,0.0042051,0.0015973,0.00034135
0.099822,0.012203,0.01003,0.0036017,0.011847,0.0039895,0.0015918,0.00034151
0.099886,0.012199,0.010023,0.0034683,0.011639,0.0042823,0.0015894,0.00032724
0.1003,0.012863,0.010065,0.0035461,0.011704,0.0041333,0.0016127,0.0003878
0.10036,0.012151,0.010059,0.0035856,0.011645,0.0039933,0.0015952,0.00036039
0.1003,0.012176,0.0097798,0.0036103,0.011785,0.0041643,0.0016048,0.00037546
0.099916,0.012592,0.0099322,0.0036128,0.01149,0.0040635,0.0015994,0.00036956
0.10019,0.012239,0.010077,0.0035244,0.011522,0.0040248,0.001582,0.00034733
0.0995,0.01248,0.010057,0.0034107,0.011493,0.0042197,0.0015841,0.00034248
0.099277,0.012391,0.009979,0.003429,0.011425,0.0040202,0.0015817,0.00037342
0.099974,0.01257,0.009988,0.0034625,0.011718,0.0041693,0.0015644,0.00032462
0.099575,0.012615,0.010018,0.0034802,0.011625,0.0042032,0.00158,0.00035939
0.099953,0.011878,0.010122,0.003532,0.011529,0.0040752,0.0015955,0.00038433
0.1002,0.012217,0.0099031,0.0035275,0.011513,0.0040832,0.0015782,0.0003576
0.10038,0.011597,0.0099598,0.0035272,0.011615,0.0041159,0.001567,0.00033355
0.10028,0.012139,0.0101,0.0036396,0.01165,0.0039637,0.0015602,0.00033737
0.10036,0.012426,0.0098917,0.003504,0.01175,0.0040884,0.0015697,0.00036553
0.099732,0.011895,0.0099289,0.0036262,0.011429,0.0041863,0.001557,0.00033275
0.099857,0.011911,0.0098225,0.0034547,0.011549,0.0039447,0.0015784,0.0003817
0.099756,0.011875,0.0099424,0.0035771,0.011567,0.0041736,0.0015672,0.00036583
0.099776,0.012361,0.0099735,0.0035297,0.011638,0.0042184,0.0015487,0.00032831
0.099796,0.012159,0.0097202,0.0033178,0.011416,0.0040802,0.0015434,0.0003218
0.10045,0.012211,0.0099809,0.0035973,0.011408,0.0041248,0.0015721,0.00038435
0.099545,0.012477,0.010226,0.0035524,0.011394,0.0040294,0.0015595,0.00037212
0.099828,0.012099,0.010208,0.0036002,0.011459,0.0041957,0.0015337,0.00030732
0.10011,0.012694,0.010047,0.0034958,0.011705,0.0041655,0.0015388,0.00032886
0.1003,0.01164,0.010054,0.0037096,0.011502,0.0040703,0.0015482,0.00036865
0.10014,0.01227,0.010111,0.003579,0.01165,0.0041317,0.0015533,0.00036922
0.099998,0.012339,0.0099796,0.0035612,0.011554,0.0040243,0.001535,0.00033951
0.099608,0.01241,0.0099287,0.0034441,0.011623,0.0040086,0.0015386,0.00034386
0.09997,0.012038,0.010052,0.0036815,0.011634,0.0041904,0.0015276,0.00031992
0.099678,0.011619,0.0099202,0.0035764,0.011336,0.0039554,0.0015181,0.00032432
0.10071,0.012263,0.009858,0.0035885,0.011388,0.0040404,0.0015333,0.00033893
0.10029,0.012065,0.010033,0.0034739,0.011356,0.003969,0.0015427,0.00037658
0.099701,0.012312,0.0099205,0.003493,0.011764,0.0038811,0.0015159,0.0003121
0.099575,0.011853,0.0099582,0.0035344,0.011516,0.0040394,0.0015382,0.000381
0.10044,0.012062,0.0098876,0.0035392,0.011575,0.0040074,0.0015259,0.00035171
0.10016,0.011878,0.010155,0.0035217,0.011281,0.0039386,0.0015194,0.00034328
0.10057,0.012451,0.0098376,0.003313,0.011409,0.0040335,0.0015216,0.00034476
0.099588,0.012274,0.0099656,0.0035246,0.011338,0.0039442,0.001538,0.00037656
0.1008,0.012312,0.0099427,0.0034181,0.011451,0.0040844,0.0015229,0.00035411
0.09989,0.012135,0.0099041,0.0035585,0.01145,0.0040283,0.0015522,0.0004192
0.099452,0.011682,0.0099129,0.0034961,0.011544,0.004029,0.0015043,0.00032021
0.10034,0.011928,0.010204,0.0035543,0.011453,0.0040825,0.0015078,0.000337
0.10018,0.01215,0.01004,0.0035601,0.011304,0.0039761,0.0015085,0.0003535
0.099905,0.01235,0.010043,0.0035791,0.011232,0.0039034,0.0015092,0.00034651
0.10008,0.011954,0.010009,0.0036405,0.01143,0.0038909,0.0015014,0.00032949
0.10023,0.012503,0.0099362,0.0035122,0.011335,0.0039756,0.0015163,0.00038143
0.10011,0.011631,0.010183,0.0034924,0.011524,0.0041787,0.0014958,0.00033194
0.1006,0.011802,0.010119,0.0034041,0.011279,0.0038412,0.0014965,0.00034267
0.10022,0.011641,0.0099266,0.0035287,0.011508,0.00389,0.0014958,0.00033891
0.099814,0.012488,0.0099535,0.0033285,0.011278,0.003987,0.0014951,0.00034102
0.099695,0.012092,0.010065,0.0035349,0.011513,0.0039313,0.0014915,0.00033796
0.099369,0.012499,0.0098537,0.0034823,0.011528,0.0040135,0.0015049,0.00038046
0.099542,0.011675,0.010044,0.003411,0.011479,0.0038579,0.0014874,0.0003311
0.099862,0.011448,0.010101,0.0035174,0.011493,0.0040252,0.0014783,0.00033526
0.099402,0.011671,0.010049,0.0035918,0.011362,0.0036884,0.0014888,0.00034045
0.10025,0.011752,0.0099986,0.0034032,0.011579,0.0038965,0.0014923,0.00036626
0.099744,0.011896,0.0099092,0.0033244,0.011393,0.0037327,0.0014972,0.00037707
0.10007,0.011809,0.010085,0.0034338,0.011262,0.0039395,0.0014951,0.00037133
0.10002,0.012485,0.010029,0.0033854,0.011333,0.0039397,0.001493,0.00038621
0.10048,0.012183,0.010045,0.0035293,0.011479,0.0041073,0.0014826,0.00035652
0.10011,0.011555,0.0098347,0.0034802,0.01141,0.0040027,0.0014972,0.00037779
0.10007,0.011891,0.0099556,0.0033827,0.011257,0.0039641,0.0014674,0.00032436
0.10019,0.011956,0.010112,0.0034953,0.011472,0.0038717,0.0014681,0.00034616
0.1001,0.011794,0.010044,0.003373,0.011487,0.0039884,0.0014564,0.00031614
0.099565,0.01175,0.0099213,0.0034174,0.011647,0.0040684,0.0014586,0.00034648
0.10042,0.011923,0.009869,0.0034148,0.011479,0.0038925,0.0014745,0.00038104
0.099829,0.012037,0.010074,0.0034747,0.011314,0.003954,0.0014642,0.00034599
0.10001,0.011885,0.010008,0.0033297,0.011389,0.0039404,0.001458,0.00034378
0.1004,0.012067,0.0099148,0.0034216,0.01129,0.0038232,0.0014547,0.00032382
0.099962,0.011901,0.0097709,0.0034096,0.011455,0.0041127,0.0014499,0.00032981
0.10013,0.011663,0.010082,0.0034592,0.011553,0.004081,0.0014438,0.00031577
0.099775,0.011273,0.0099316,0.0034648,0.011328,0.0038824,0.001461,0.00034995
0.09966,0.012011,0.0099003,0.0035119,0.011299,0.0038514,0.0014385,0.00032971
0.099961,0.011686,0.0097449,0.0033796,0.011342,0.0039213,0.0014598,0.00036396
0.099821,0.011648,0.0099155,0.0033529,0.01125,0.0038273,0.0014537,0.00035153
0.099643,0.011834,0.010152,0.0034594,0.011264,0.0039238,0.0014626,0.00037372
0.10017,0.011734,0.0099796,0.00337,0.011399,0.0038847,0.0014524,0.0003551
0.099915,0.011499,0.0099444,0.0034825,0.011484,0.003689,0.0014437,0.00033776
0.099917,0.01156,0.010065,0.0035146,0.011301,0.0037853,0.0014377,0.00032446
0.10013,0.011705,0.010004,0.0033423,0.011364,0.0037472,0.0014614,0.00038197
0.099306,0.011701,0.010101,0.0035353,0.011415,0.0037107,0.0014446,0.00034797
0.10003,0.011754,0.0099541,0.0032395,0.011356,0.003925,0.0014305,0.00034264
0.10072,0.011447,0.010036,0.0034947,0.01127,0.0038329,0.001434,0.00034086
0.1002,0.011427,0.010031,0.0032641,0.011573,0.0040003,0.0014428,0.00034807
0.099521,0.011628,0.01004,0.003526,0.011393,0.0038263,0.0014341,0.00034156
0.10002,0.011331,0.01003,0.0033599,0.011356,0.003777,0.0014362,0.00035302
0.10065,0.012112,0.01002,0.0034133,0.011358,0.0038727,0.0014182,0.00032476
0.10053,0.011233,0.0097028,0.0032567,0.011423,0.0037302,0.0014217,0.0003285
0.099769,0.011154,0.0099385,0.0034996,0.011239,0.003768,0.0014358,0.00036514
0.10034,0.012265,0.0099132,0.0033571,0.011557,0.0038928,0.0014192,0.00032455
0.10037,0.01166,0.010028,0.0034358,0.011502,0.0039366,0.0014093,0.00032058
0.099641,0.011439,0.010107,0.0032589,0.011572,0.0040012,0.0014181,0.00033906
0.10039,0.011347,0.010084,0.0033598,0.011536,0.0037239,0.0014242,0.0003569
0.10036,0.011806,0.0099934,0.0033237,0.011051,0.0036927,0.0014157,0.0003352
0.099976,0.011518,0.0098369,0.0033377,0.011279,0.0039031,0.0014085,0.00034642
0.099836,0.011639,0.0099642,0.0034519,0.011552,0.0038419,0.0014,0.00030723
0.10123,0.011816,0.010103,0.003343,0.011572,0.0039062,0.001422,0.00035848
0.10005,0.011671,0.010018,0.0033957,0.011445,0.0038407,0.001395,0.00031517
0.099991,0.011348,0.010204,0.0034406,0.011582,0.0037682,0.001405,0.00033593
0.099508,0.011706,0.010084,0.003276,0.011419,0.0039677,0.0013979,0.00032094
0.099012,0.01164,0.0099289,0.0033173,0.011582,0.0038998,0.0014053,0.00034171
0.099969,0.011013,0.0099198,0.0033399,0.011253,0.0036363,0.0014021,0.00033393
0.1008,0.011331,0.010022,0.0033282,0.011339,0.0039141,0.0014003,0.00034865
0.099471,0.011467,0.010005,0.0034604,0.011529,0.0038125,0.0013906,0.00033503
0.10011,0.011107,0.0098586,0.003339,0.011389,0.0038075,0.0014071,0.00035473
0.10028,0.011643,0.01,0.0034739,0.01135,0.0036996,0.0013987,0.00034873
0.099936,0.011456,0.0099726,0.0032409,0.011018,0.0038592,0.001389,0.00034036
0.09969,0.011241,0.0098761,0.0033931,0.011332,0.0039424,0.0014107,0.00037643
0.099615,0.012129,0.010099,0.00327,0.011416,0.0037808,0.0013724,0.00030575
0.10041,0.011813,0.0099545,0.0033287,0.011253,0.0037195,0.0013758,0.00031505
0.10018,0.01165,0.010051,0.003368,0.011343,0.003946,0.0013584,0.00027833
0.10004,0.010963,0.0099546,0.0033618,0.011364,0.0037803,0.0013748,0.0003136
0.099758,0.011179,0.01011,0.0033206,0.011391,0.003668,0.0013718,0.00030537
0.10041,0.011168,0.010115,0.0034073,0.011315,0.0037387,0.0013829,0.00033312
0.099984,0.011494,0.01001,0.00336,0.011167,0.0038319,0.0013966,0.00037114
0.1002,0.011692,0.010023,0.0034083,0.01146,0.0036461,0.0013768,0.00032789
0.10021,0.01148,0.010015,0.0034024,0.011077,0.0038038,0.0013608,0.00030199
0.10028,0.01122,0.0099176,0.0033388,0.01145,0.0037198,0.0013565,0.00030221
0.10043,0.011203,0.0099049,0.003339,0.011304,0.0036132,0.001356,0.00030964
0.099714,0.011527,0.010055,0.0033896,0.011316,0.003965,0.0013504,0.00029089
0.099745,0.011461,0.009841,0.003279,0.011487,0.0038491,0.0013795,0.00034946
0.10047,0.011233,0.010003,0.0033289,0.01119,0.0037423,0.0013752,0.00034499
0.099877,0.010868,0.0099463,0.0032761,0.011353,0.0036408,0.0013708,0.00034995
0.099664,0.011169,0.009986,0.003305,0.011384,0.0037355,0.0013525,0.00030645
0.099755,0.011559,0.0098954,0.0031851,0.011223,0.0037656,0.001352,0.0003084
0.099978,0.010917,0.01015,0.0034386,0.011194,0.0036808,0.0013643,0.00034661
0.10006,0.011679,0.0099211,0.0034158,0.011152,0.0038047,0.0013677,0.00034947
0.099565,0.011224,0.010119,0.0034199,0.011235,0.0037783,0.0013418,0.00029777
0.10003,0.01121,0.010062,0.0032305,0.011362,0.0037854,0.0013541,0.00033233
0.099356,0.011381,0.010103,0.0033368,0.011262,0.00377,0.001365,0.00034744
0.10027,0.011321,0.0099506,0.0033281,0.011156,0.0036126,0.0013418,0.00030605
0.099959,0.011053,0.0099267,0.0032877,0.011141,0.0036354,0.0013704,0.00036864
0.10039,0.011426,0.010066,0.0032731,0.011305,0.0037279,0.0013422,0.00031208
0.099807,0.011549,0.0099647,0.0031849,0.011128,0.0038049,0.0013619,0.00036479
0.10036,0.011809,0.010258,0.0034045,0.01128,0.0037254,0.0013539,0.00033664
0.09998,0.011249,0.010028,0.0033375,0.01133,0.0036711,0.0013459,0.000326
0.10008,0.011298,0.0099874,0.0031602,0.011268,0.0037389,0.0013178,0.00027133
0.10045,0.011732,0.010163,0.0033308,0.011223,0.0036899,0.00134,0.00032585
0.099677,0.011282,0.010046,0.0032172,0.011225,0.0035272,0.0013396,0.00031777
0.10007,0.010939,0.0099825,0.0033687,0.011299,0.0036643,0.0013267,0.00030774
0.10004,0.011524,0.01018,0.0033672,0.011225,0.0037657,0.0013612,0.00036479
0.10011,0.010903,0.010087,0.0032219,0.01143,0.0037387,0.0013283,0.00032066
0.099233,0.01144,0.0099613,0.0034226,0.011296,0.0039807,0.0013392,0.0003451
0.099962,0.011094,0.010108,0.0032206,0.011217,0.0037374,0.0013499,0.00035883
0.099744,0.010893,0.010007,0.0033686,0.011402,0.0036317,0.0013346,0.00033776
0.099979,0.011192,0.0098161,0.0034484,0.011322,0.0035992,0.0013329,0.00032806
0.10011,0.01111,0.0098437,0.00334,0.011036,0.0034178,0.0013337,0.0003408
0.099791,0.011352,0.010066,0.0033044,0.011079,0.0035938,0.0013284,0.00033911
0.099547,0.011257,0.010124,0.0032098,0.011352,0.0036942,0.0013354,0.00035189
0.099562,0.010583,0.0098727,0.0031735,0.011349,0.0037905,0.001309,0.00030171
0.10058,0.011098,0.009958,0.0032142,0.011281,0.003764,0.0013185,0.00033
0.1002,0.010825,0.0098656,0.0032712,0.011252,0.0036788,0.0013255,0.00032959
0.10075,0.011354,0.010265,0.0032884,0.011316,0.003616,0.0013251,0.00034461
0.10034,0.010961,0.009952,0.0031675,0.011256,0.0034951,0.001305,0.00030957
0.10043,0.010621,0.010072,0.0033039,0.011145,0.0035706,0.001328,0.00036137
0.09955,0.011079,0.0099755,0.003156,0.01128,0.0036937,0.001319,0.00034148
0.10036,0.010939,0.010091,0.0031938,0.011295,0.0037741,0.0013076,0.00031142
0.10005,0.011064,0.0098568,0.0032672,0.011327,0.0036468,0.0012974,0.00029594
0.099518,0.010892,0.010073,0.0032347,0.011316,0.0035428,0.0012958,0.00029558
0.10005,0.011513,0.0097985,0.003138,0.011118,0.003398,0.0013089,0.00033858
0.10062,0.010984,0.010133,0.0031609,0.011075,0.0036887,0.0012927,0.00029986
0.10003,0.010983,0.0099622,0.0033345,0.011181,0.0036534,0.0012996,0.00031897
0.10042,0.010757,0.010035,0.0032145,0.01138,0.0036596,0.0013078,0.00033857
0.10039,0.010996,0.010034,0.0033627,0.011156,0.0037756,0.0012977,0.0003293
0.10022,0.011234,0.0098034,0.0031727,0.011298,0.0036735,0.0013034,0.00031784
0.099822,0.010994,0.01016,0.003356,0.011456,0.0034355,0.0013103,0.0003482
0.099787,0.011258,0.010063,0.0032517,0.011394,0.0035482,0.0013027,0.00032552
0.099826,0.010906,0.0099468,0.003312,0.010984,0.0034939,0.0013229,0.00036125
0.099687,0.011161,0.010118,0.0031591,0.011335,0.0036108,0.0012717,0.00028129
0.099719,0.010916,0.0099373,0.0032351,0.011392,0.0037297,0.0012943,0.00032758
0.10004,0.011176,0.0099663,0.0033432,0.011253,0.0036769,0.0012819,0.00029992
0.099816,0.01108,0.010156,0.0033379,0.011173,0.0035233,0.0012936,0.00032165
0.10001,0.011265,0.010226,0.0032884,0.011213,0.0036872,0.0012837,0.00031214
0.10003,0.011191,0.0098319,0.0033441,0.011292,0.00378,0.0012797,0.00030773
0.10028,0.011154,0.010126,0.0031546,0.011101,0.0036744,0.0012842,0.0003173
0.10009,0.010668,0.0099581,0.003255,0.011423,0.0035577,0.0012802,0.00032205
0.099732,0.010524,0.010212,0.0032592,0.011083,0.0035656,0.0012727,0.00030723
0.10009,0.011356,0.0099164,0.0031837,0.011327,0.0035483,0.0013059,0.00037104
0.099944,0.010431,0.010106,0.0031914,0.011398,0.0035523,0.0012697,0.00030181
0.099996,0.010981,0.010011,0.0031554,0.011383,0.0037348,0.0012944,0.00034686
0.10042,0.010908,0.010092,0.0033015,0.011035,0.0035804,0.0012857,0.00032749
0.10032,0.010951,0.010039,0.0032078,0.011041,0.0036486,0.0013008,0.00036312
0.10085,0.010736,0.010045,0.0031676,0.011316,0.0036246,0.0012969,0.00036727
0.099539,0.010655,0.0098861,0.0032629,0.011124,0.0035649,0.0012657,0.00029673
0.10068,0.010674,0.010101,0.003264,0.011082,0.0035285,0.0012761,0.0003248
0.099923,0.010684,0.010015,0.003167,0.011287,0.0036502,0.0012746,0.00033294
0.1001,0.010948,0.010135,0.0031188,0.011209,0.0035331,0.0012801,0.00034298
0.10045,0.010714,0.0098394,0.0031863,0.01102,0.0034528,0.0012656,0.00031434
0.099679,0.011042,0.0098762,0.0031743,0.011354,0.0037058,0.0012748,0.00033044
0.099909,0.011089,0.0099882,0.0031537,0.011128,0.0037491,0.0012803,0.00034845
0.10004,0.011076,0.010072,0.0032007,0.011054,0.0035049,0.0012506,0.00030926
0.10015,0.010746,0.010062,0.0032658,0.011179,0.0034809,0.0012444,0.00028682
0.10046,0.010665,0.010043,0.0031568,0.011286,0.0034788,0.0012793,0.00035984
0.10059,0.010876,0.0099918,0.0031858,0.011193,0.0034906,0.0012649,0.00032496
0.10005,0.010659,0.010156,0.0032497,0.011124,0.0036714,0.0012705,0.00035102
0.10036,0.010951,0.010082,0.003271,0.011269,0.0035992,0.0012374,0.00029286
0.099838,0.010813,0.0099907,0.0031948,0.011,0.003381,0.0012757,0.00035746
0.09967,0.010261,0.0098098,0.003318,0.011134,0.0036729,0.0012404,0.00029771
0.099694,0.010887,0.010126,0.0031722,0.01107,0.0035072,0.0012517,0.0003309
0.09987,0.010795,0.0099953,0.0030217,0.011274,0.0035222,0.0012619,0.00033946
0.099774,0.010058,0.010013,0.0032974,0.010977,0.0035763,0.0012407,0.00029087
0.10119,0.011012,0.0099222,0.0030329,0.011279,0.0037649,0.0012474,0.00031294
0.099746,0.010655,0.0098434,0.0032787,0.011031,0.0034823,0.0012506,0.00032812
0.10015,0.010047,0.010014,0.0032876,0.011242,0.0036022,0.0012306,0.00027958
0.099764,0.010392,0.010017,0.0030528,0.011238,0.0034759,0.0012465,0.00031302
0.10026,0.010702,0.009837,0.0032133,0.011365,0.0036246,0.0012393,0.00030342
0.10006,0.010882,0.010005,0.003108,0.011201,0.0036296,0.0012321,0.00029344
0.099434,0.010797,0.0101,0.0032142,0.01109,0.0036202,0.001233,0.000297
0.10018,0.011028,0.010182,0.0031219,0.011168,0.0035205,0.0012396,0.00031823
0.10046,0.010463,0.010023,0.0031026,0.011289,0.0035196,0.0012371,0.00031609
0.09965,0.010965,0.010032,0.003187,0.010938,0.0035065,0.0012644,0.00037441
0.099479,0.0105,0.0099185,0.0031291,0.011017,0.0036205,0.0012296,0.00030382
0.10012,0.010499,0.01014,0.0030699,0.011223,0.0036178,0.0012294,0.00030099
0.1004,0.010972,0.0099725,0.0030938,0.011172,0.0036354,0.0012108,0.0002706
0.099619,0.011008,0.0099314,0.0030587,0.011237,0.0036104,0.0012426,0.00032901
0.1002,0.010802,0.010051,0.0032274,0.011362,0.0035819,0.0012217,0.00030304
0.099966,0.010729,0.01001,0.0031026,0.011228,0.0035088,0.0012409,0.00033771
0.10051,0.010327,0.0099852,0.0030471,0.011199,0.0036589,0.0012212,0.00030603
0.10033,0.01076,0.010031,0.0030363,0.011188,0.0033621,0.0012358,0.00032982
0.099375,0.010825,0.0097383,0.0030972,0.011242,0.003568,0.0012173,0.00029484
0.099792,0.0104,0.010064,0.0032232,0.011118,0.0034213,0.0012284,0.00033811
0.10028,0.010823,0.010087,0.0033071,0.011201,0.0034371,0.0012474,0.00035768
0.099117,0.010291,0.0099728,0.003095,0.011069,0.0034114,0.0012324,0.00033923
0.099966,0.010825,0.0099151,0.003217,0.011043,0.0035587,0.0012095,0.00031518
0.1,0.010173,0.010199,0.0031225,0.011311,0.0034409,0.0012093,0.00029129
0.099891,0.010443,0.0098497,0.0031458,0.011099,0.0034883,0.0012339,0.00034575
0.10088,0.010125,0.0099503,0.0031205,0.011036,0.0035038,0.001228,0.00034299
0.10038,0.010571,0.0099346,0.0030573,0.010819,0.0035053,0.0012131,0.00031948
0.099994,0.010204,0.01001,0.0030027,0.01108,0.0035251,0.0012095,0.00030758
0.09939,0.011013,0.010018,0.0031434,0.011068,0.003405,0.0012261,0.00034117
0.099605,0.010425,0.0098899,0.0031386,0.01115,0.0034576,0.0012292,0.00033942
0.10027,0.010465,0.009963,0.0030126,0.010991,0.0033324,0.0012031,0.00030714
0.09992,0.010443,0.010057,0.0030562,0.011106,0.0035501,0.0012018,0.0003068
0.10031,0.010567,0.0099485,0.0030721,0.011101,0.003405,0.0011915,0.00028762
0.099484,0.0099596,0.0098814,0.0031631,0.010954,0.0034242,0.0012103,0.00031905
0.10024,0.010474,0.010207,0.0031671,0.011051,0.0034665,0.0012078,0.00031705
0.1001,0.010571,0.0099085,0.0030692,0.01098,0.003488,0.0012121,0.00032093
0.099937,0.010068,0.010082,0.0031764,0.011265,0.0035443,0.0012018,0.00032311
0.10027,0.010404,0.0099989,0.0031761,0.011275,0.0034091,0.0012071,0.00032472
0.099681,0.010526,0.0099677,0.0031774,0.011072,0.0034092,0.0011958,0.00030554
0.1003,0.010748,0.0098267,0.0030533,0.011109,0.0035396,0.0011878,0.00029879
0.099651,0.01079,0.0098524,0.0030178,0.011127,0.0035651,0.0012087,0.00033512
0.099442,0.010816,0.010001,0.0031511,0.011326,0.0034483,0.001194,0.00030391
0.10026,0.010599,0.010091,0.0031769,0.01117,0.0034704,0.0011717,0.00026368
0.099758,0.010364,0.010098,0.0030907,0.01107,0.0033824,0.0011969,0.00031162
0.099996,0.010535,0.0098729,0.0031023,0.01108,0.0034032,0.0012011,0.00032313
0.099365,0.010444,0.01011,0.0031639,0.010969,0.0034323,0.0011921,0.00032309
0.10029,0.010982,0.0099724,0.0031365,0.011143,0.0035125,0.0011764,0.00028448
0.10009,0.010177,0.010154,0.0030958,0.011204,0.003401,0.0011674,0.00027525
0.10045,0.01043,0.01015,0.0033084,0.011094,0.0034808,0.0011837,0.00030784
0.09993,0.010384,0.010009,0.0030561,0.010993,0.003496,0.0011791,0.0003142
0.099899,0.010446,0.010151,0.0031211,0.011141,0.0035183,0.0011789,0.00030775
0.10008,0.010525,0.010031,0.0031076,0.011036,0.0034604,0.0011634,0.00026255
0.099707,0.010316,0.0098992,0.0031166,0.011095,0.0035019,0.0011698,0.00028445
0.099858,0.010142,0.010073,0.0031794,0.011172,0.0033569,0.0011849,0.00030983
0.099675,0.010326,0.0099956,0.0030867,0.011057,0.0035234,0.0011781,0.00030127
0.10022,0.010613,0.010014,0.0029915,0.011166,0.0036405,0.0011834,0.00032939
0.10017,0.010266,0.0099673,0.0031183,0.01107,0.0035352,0.0011963,0.00034084
0.099786,0.010572,0.010033,0.0030113,0.011112,0.0033207,0.0011721,0.00029692
0.10016,0.01025,0.010067,0.0029856,0.010948,0.0033806,0.0011752,0.00033307
0.099677,0.010361,0.0098957,0.0031238,0.011004,0.0034956,0.0011902,0.0003262
0.1001,0.01022,0.0099772,0.0031322,0.010875,0.0033843,0.001165,0.00028674
0.10052,0.0099643,0.010168,0.003222,0.011124,0.0032006,0.0011735,0.00032058
0.10012,0.010166,0.0099816,0.0030397,0.011151,0.0034685,0.0011853,0.00032729
0.099942,0.010393,0.010038,0.0031299,0.011246,0.0032593,0.0011645,0.000295
0.099938,0.0098432,0.0099557,0.003093,0.011194,0.0034338,0.0011665,0.00029574
0.099409,0.010237,0.009851,0.0030007,0.011158,0.0034133,0.001162,0.00031356
0.10045,0.010205,0.010077,0.0030919,0.011048,0.0033281,0.0011672,0.00030388
0.10064,0.010237,0.010193,0.0031076,0.011191,0.0033944,0.0011681,0.00030673
0.10109,0.010509,0.010053,0.0031065,0.010934,0.0033728,0.0011808,0.00034326
0.099881,0.010277,0.0098204,0.0030164,0.011055,0.0032819,0.0011613,0.00030731
0.099767,0.01019,0.010039,0.0030623,0.011158,0.0034188,0.0011751,0.00032447
0.099167,0.01018,0.010136,0.003134,0.011133,0.0034562,0.0011545,0.00030024
0.10008,0.01034,0.0099164,0.0029365,0.011056,0.0034245,0.0011522,0.00029441
0.10018,0.010172,0.010168,0.0031755,0.011345,0.0033061,0.001152,0.0003034
0.099853,0.010258,0.0099198,0.0030778,0.011221,0.0033855,0.0011369,0.00026865
0.099902,0.010099,0.010021,0.002912,0.01094,0.00325,0.0011688,0.0003366
0.10012,0.010271,0.010049,0.0030915,0.011182,0.0035123,0.0011473,0.00029315
0.1005,0.010237,0.010092,0.003086,0.010975,0.0033845,0.0011525,0.0003136
0.099847,0.010026,0.0098999,0.0030504,0.010855,0.0033933,0.0011661,0.0003196
0.10007,0.010262,0.0099777,0.0029748,0.011101,0.003426,0.0011606,0.00031703
0.099295,0.010221,0.010023,0.0031914,0.011014,0.0034365,0.0011668,0.00032667
0.099765,0.010354,0.010074,0.0032264,0.011047,0.0033864,0.0011454,0.00029807
0.10045,0.010198,0.0099799,0.0031801,0.010873,0.003279,0.0011538,0.00032226
0.099169,0.010258,0.010088,0.0029496,0.011063,0.0033456,0.0011451,0.00030059
0.099688,0.0099467,0.0098487,0.0030488,0.011175,0.0034238,0.0011481,0.00031367
0.10027,0.010466,0.0099852,0.002963,0.011067,0.0034797,0.0011681,0.00034429
0.099735,0.0098316,0.0099535,0.0029367,0.011005,0.0034051,0.0011447,0.00030058
0.10049,0.010533,0.01,0.0030653,0.011145,0.0033097,0.0011477,0.00032056
0.099556,0.0099089,0.0099979,0.0031235,0.011073,0.0033977,0.0011391,0.00030635
0.099183,0.010237,0.0099253,0.0030601,0.011084,0.0033108,0.00114,0.00030178
0.09977,0.010314,0.010093,0.0031046,0.011217,0.0032976,0.0011314,0.00028662
0.099719,0.010042,0.0099926,0.0030622,0.011039,0.0033378,0.001145,0.00030802
0.099632,0.010088,0.0099024,0.0030449,0.011092,0.0033269,0.0011595,0.00035443
0.099674,0.010258,0.010317,0.0031489,0.011135,0.0033332,0.0011468,0.00032352
0.10029,0.010305,0.0099853,0.0029648,0.01097,0.0034057,0.0011288,0.00028866
0.099604,0.0098958,0.0099665,0.002824,0.010897,0.0034002,0.0011287,0.0002937
0.099764,0.0098527,0.0099331,0.0030333,0.011194,0.0034457,0.0011285,0.00029123
0.099623,0.010255,0.0099812,0.0030226,0.01109,0.0033865,0.0011388,0.00031107
0.099803,0.010195,0.0098978,0.0031085,0.010948,0.003355,0.0011387,0.00030512
0.10034,0.010214,0.010076,0.0030101,0.011233,0.0034705,0.0011333,0.00031655
0.099901,0.010193,0.0099272,0.0031327,0.011233,0.0032783,0.0011509,0.00033374
0.099995,0.010224,0.0099896,0.0030754,0.011021,0.0032472,0.0011362,0.00030913
0.10065,0.0098385,0.010044,0.003103,0.010986,0.0033183,0.0011184,0.00029944
0.099971,0.010471,0.010017,0.0030836,0.011013,0.0032589,0.0011183,0.00030773
0.099761,0.010065,0.010161,0.003125,0.011118,0.0033641,0.0011275,0.00031491
0.1003,0.010409,0.010108,0.0029968,0.011127,0.003256,0.0011346,0.00031887
0.10003,0.010169,0.010143,0.0030726,0.010787,0.0033491,0.0011417,0.00033873
0.10032,0.010007,0.010057,0.0030505,0.011071,0.0035099,0.0011271,0.00030786
0.10022,0.010022,0.010051,0.0029358,0.011018,0.0033884,0.0011176,0.00028485
0.10048,0.009925,0.0098371,0.0029919,0.010993,0.0035101,0.001132,0.00032024
0.099432,0.0098571,0.010027,0.0029184,0.011117,0.0034643,0.001105,0.00026804
0.10012,0.010215,0.01008,0.003106,0.011067,0.0033593,0.0011214,0.00030517
0.099667,0.0099253,0.010009,0.0030784,0.011082,0.0033804,0.001112,0.00031066
0.099778,0.010066,0.010057,0.0030724,0.010895,0.0030985,0.0011263,0.00031759
0.099669,0.01012,0.0099826,0.0030374,0.010897,0.0033493,0.0011303,0.00032057
0.099976,0.010293,0.010032,0.0030772,0.010982,0.0033732,0.0011117,0.00030023
0.099883,0.0098036,0.01013,0.00292,0.01099,0.0034184,0.0011146,0.00030564
0.099685,0.010108,0.0099468,0.0029702,0.010917,0.0033184,0.0011084,0.00030165
0.10071,0.0095583,0.010081,0.0029725,0.010999,0.0031662,0.0011185,0.00030993
0.10012,0.0099218,0.010114,0.0029919,0.011017,0.0032946,0.0011061,0.00031124
0.10101,0.010177,0.010093,0.0030886,0.010932,0.0032378,0.0011152,0.0003113
0.10046,0.010095,0.010049,0.0029938,0.011077,0.0032707,0.0011141,0.0003143
0.099632,0.010183,0.0098983,0.0029557,0.011049,0.0033106,0.0010916,0.00027998
0.099783,0.010146,0.0099014,0.0029575,0.011057,0.0033793,0.001125,0.00032081
0.099873,0.01001,0.0099716,0.0031023,0.010984,0.0032973,0.0011025,0.00030235
0.099967,0.010231,0.0098134,0.0029372,0.011052,0.0034173,0.0011014,0.00030878
0.10045,0.010135,0.0099838,0.0030567,0.011066,0.0032794,0.0011023,0.00032096
0.1002,0.00993,0.0099939,0.0030163,0.010813,0.0033804,0.0011204,0.00031951
0.099435,0.0099804,0.010162,0.0031868,0.011073,0.0035472,0.0010961,0.00029135
0.099554,0.0096503,0.010044,0.0030046,0.01111,0.0033151,0.001103,0.00031237
0.099774,0.010138,0.009893,0.0029774,0.010873,0.0033361,0.0010928,0.00028216
0.10007,0.0098286,0.0099748,0.0030011,0.011038,0.0033713,0.0010988,0.0003024
0.099519,0.009717,0.0099255,0.0029377,0.010969,0.0032815,0.0010765,0.00026703
0.099689,0.010453,0.0099004,0.002921,0.011098,0.0033882,0.0011016,0.00029855
0.10007,0.010103,0.0099608,0.0029266,0.011011,0.0033941,0.0011015,0.00030957
0.10021,0.010228,0.010037,0.0030819,0.010981,0.0032041,0.0010954,0.00029581
0.099885,0.0098632,0.0099509,0.0029949,0.010991,0.0033015,0.0010752,0.00028173
0.099435,0.0095854,0.010004,0.0031309,0.011073,0.003242,0.0010862,0.00028167
0.1001,0.0098683,0.0098989,0.0030543,0.011036,0.0033022,0.0010951,0.00029568
0.099889,0.0094373,0.010165,0.0030596,0.010911,0.0032054,0.001093,0.00029739
0.10043,0.010129,0.010228,0.0030213,0.01099,0.0032631,0.0010889,0.00029968
0.10002,0.010206,0.0099411,0.0030901,0.010928,0.0033424,0.0010788,0.00027606
0.10031,0.0098968,0.010003,0.0028852,0.010988,0.0031618,0.0010837,0.00029156
0.099734,0.010064,0.01014,0.0029846,0.011002,0.0033048,0.0010867,0.00029345
0.099702,0.010074,0.0099294,0.0028014,0.011086,0.0033758,0.0010925,0.00030909
0.099614,0.0096451,0.010097,0.0030474,0.01102,0.0032755,0.0010924,0.00031006
0.099727,0.0098818,0.01012,0.0029741,0.010965,0.0032196,0.0010576,0.00025287
0.099574,0.010113,0.010055,0.0029738,0.01102,0.0033012,0.0010823,0.00031186
0.099738,0.0095827,0.0098474,0.0027415,0.010901,0.0033378,0.0010634,0.00026173
0.10013,0.0097281,0.0099168,0.0030043,0.010901,0.003273,0.0010683,0.00027445
0.099845,0.0094739,0.010067,0.002859,0.010963,0.0033053,0.0010673,0.00027058
0.10011,0.0099439,0.0099358,0.0028979,0.01094,0.0032963,0.0010761,0.00028837
0.10034,0.010423,0.009998,0.0030905,0.010779,0.0031866,0.0010671,0.00027306
0.10021,0.009604,0.0099467,0.0029877,0.010957,0.003251,0.0010641,0.00026978
0.10039,0.010103,0.0099507,0.0028944,0.010935,0.0030665,0.0010768,0.00029629
0.10005,0.0095477,0.010025,0.0029665,0.011016,0.0032791,0.0010748,0.00029135
0.099376,0.0097368,0.0099115,0.0029522,0.010751,0.0032837,0.0010619,0.00027756
0.10028,0.010452,0.010094,0.003107,0.01105,0.0033047,0.0011031,0.0003431
0.1004,0.0098089,0.0099205,0.00295,0.01075,0.0031906,0.0010687,0.00028639
0.10044,0.0096573,0.010115,0.0029701,0.010788,0.0031804,0.0010608,0.00027618
0.099951,0.010064,0.010101,0.0030734,0.010931,0.0032235,0.0010852,0.0003255
0.099921,0.009896,0.010048,0.002861,0.010811,0.0032037,0.0010656,0.00028555
0.10016,0.0097933,0.010031,0.0030709,0.010987,0.0032416,0.0010606,0.00028307
0.10064,0.010069,0.010095,0.0029843,0.011009,0.0031763,0.0010693,0.00029952
0.099818,0.0097059,0.010035,0.0029549,0.010913,0.0032556,0.0010683,0.00030553
0.10041,0.0097453,0.0098528,0.0029807,0.011067,0.0031943,0.0010624,0.00029562
0.10005,0.0098746,0.01001,0.0029899,0.011142,0.0032469,0.0010623,0.00030609
0.099839,0.0097968,0.010074,0.0029125,0.010821,0.0032359,0.0010603,0.00028191
0.099739,0.0098917,0.0099466,0.0029091,0.010991,0.0032343,0.0010651,0.00029296
0.099716,0.010003,0.0099786,0.0030191,0.010922,0.0030734,0.0010592,0.00029895
0.10039,0.009819,0.010009,0.003025,0.01105,0.0032122,0.0010621,0.00030683
0.10031,0.0096189,0.010053,0.0028616,0.011063,0.0033452,0.0010601,0.00029272
0.099919,0.0095659,0.0097822,0.0029695,0.011104,0.003294,0.001062,0.00029945
0.099798,0.0097105,0.010015,0.0029705,0.010977,0.0032778,0.0010532,0.00028879
0.10025,0.0093613,0.0099971,0.0029274,0.010786,0.0031324,0.0010531,0.00028
0.10014,0.0096155,0.010011,0.0029592,0.01099,0.0031255,0.001056,0.00029792
0.099917,0.0098751,0.0099094,0.0028924,0.011095,0.0031811,0.0010627,0.00030752
0.10012,0.010027,0.0098295,0.0029337,0.011127,0.0032174,0.0010539,0.00029103
0.099924,0.0096385,0.0099124,0.0029277,0.010919,0.0032823,0.0010462,0.00028797
0.099774,0.0096156,0.010026,0.0028836,0.010968,0.0033433,0.0010577,0.00029179
0.099915,0.0098461,0.009927,0.002968,0.010821,0.0032073,0.0010461,0.00027702
0.10042,0.0096556,0.0099856,0.0029556,0.010941,0.0032605,0.0010576,0.00032645
0.099439,0.0097547,0.010033,0.0029957,0.010983,0.0031311,0.0010326,0.0002663
0.099817,0.0098012,0.010021,0.0029762,0.011043,0.0032553,0.0010594,0.00031605
0.10016,0.0097029,0.0098947,0.0028302,0.010892,0.0031072,0.0010498,0.00029601
0.10022,0.0099301,0.0099436,0.0029235,0.010771,0.0032234,0.0010488,0.00029262
0.099257,0.0092147,0.0098978,0.0029106,0.010859,0.0031182,0.0010382,0.00028577
0.10007,0.0098277,0.010083,0.00278,0.010985,0.0032766,0.0010477,0.00028703
0.099575,0.0096052,0.010064,0.0029321,0.010931,0.003224,0.0010477,0.00031227
0.099889,0.0096059,0.010046,0.0029077,0.010773,0.0032026,0.0010533,0.00031134
0.10017,0.0097292,0.0099229,0.0028337,0.010958,0.0031436,0.0010438,0.00029123
0.099762,0.0095326,0.010162,0.0028787,0.011054,0.0031917,0.0010608,0.00032467
0.10031,0.0096591,0.0099164,0.0028512,0.010956,0.003247,0.0010351,0.0002817
0.10004,0.0096831,0.010173,0.0028138,0.010917,0.0032868,0.0010427,0.00030494
0.10017,0.0093842,0.0099365,0.0028755,0.010713,0.0031628,0.0010521,0.00031439
0.10032,0.0093258,0.010035,0.0029488,0.01093,0.0032112,0.0010492,0.00032315
0.10025,0.0093619,0.01005,0.0028316,0.010991,0.0031609,0.0010473,0.00032453
0.1003,0.0095489,0.0099357,0.0028857,0.010919,0.0031433,0.0010331,0.00028108
0.10021,0.0093957,0.0099481,0.0028441,0.010971,0.0030582,0.001034,0.00028652
0.10019,0.0094692,0.0098792,0.00299,0.010998,0.0031606,0.0010349,0.00029787
0.10003,0.0098156,0.0099406,0.0028383,0.011028,0.0032721,0.0010349,0.00028663
0.09979,0.0094718,0.0099605,0.002938,0.010995,0.003108,0.0010273,0.00028686
0.10016,0.0095646,0.0099454,0.0028864,0.01079,0.0032347,0.0010423,0.00030979
0.10003,0.0094075,0.009984,0.0028223,0.010997,0.0031663,0.0010338,0.00029736
0.10021,0.0095982,0.0099174,0.0028578,0.011031,0.0032944,0.0010207,0.00028715
0.10028,0.009353,0.0099522,0.0030598,0.010785,0.0030731,0.0010253,0.00028212
0.099813,0.0095155,0.010017,0.0028847,0.010803,0.0032953,0.0010244,0.00028185
0.10008,0.0097103,0.0099991,0.0027979,0.010804,0.0031785,0.0010328,0.00029085
0.10008,0.009062,0.009971,0.0029509,0.010835,0.0031669,0.0010187,0.00027618
0.1002,0.0096507,0.01009,0.0029062,0.010997,0.0031452,0.0010009,0.00025083
0.10026,0.0094703,0.0099617,0.0028291,0.010796,0.0030803,0.0010177,0.00027059
0.099913,0.0098042,0.010031,0.0029324,0.010955,0.0032088,0.0010448,0.00031732
0.099916,0.0098345,0.010054,0.0029871,0.010949,0.0031717,0.0010186,0.00027716
0.099362,0.0095884,0.010045,0.0029354,0.010894,0.0031401,0.0010186,0.00029335
0.10071,0.0095688,0.010059,0.0029094,0.010846,0.0031466,0.0010474,0.00031715
0.10009,0.0097228,0.010039,0.0029411,0.010944,0.0030679,0.0010214,0.0002958
0.099335,0.0097492,0.010013,0.0028791,0.01097,0.0032233,0.0010344,0.00030388
0.099927,0.0097756,0.0098738,0.0029826,0.010891,0.0031219,0.0010083,0.00027443
0.10008,0.0098618,0.010167,0.0028437,0.010859,0.0031096,0.0010148,0.00029318
0.099841,0.0093373,0.0099667,0.002919,0.010944,0.0030898,0.0010278,0.00029572
0.099772,0.0093099,0.010148,0.00286,0.01086,0.0031387,0.0010185,0.00029675
0.10015,0.0093105,0.010055,0.0027913,0.011056,0.0030746,0.0010148,0.00029299
0.099897,0.0096227,0.0099529,0.0027856,0.010895,0.003128,0.0010286,0.000316
0.099191,0.0090216,0.0098524,0.0027738,0.010741,0.0030601,0.0010231,0.00030208
0.099274,0.0094433,0.010033,0.0028246,0.010839,0.0030735,0.00099816,0.00027059
0.099733,0.0098124,0.010033,0.0029181,0.010957,0.0030833,0.0010018,0.00026422
0.10012,0.0095603,0.010052,0.002874,0.010864,0.0031074,0.0010294,0.00032521
0.099338,0.0097486,0.010028,0.0027324,0.010858,0.0029856,0.00099816,0.00026429
0.099946,0.0094766,0.010063,0.002861,0.010707,0.0030577,0.0010119,0.00029284
0.10028,0.0096121,0.0099954,0.0028112,0.011008,0.0032574,0.0010028,0.0002759
0.099787,0.0092211,0.010082,0.002884,0.011024,0.0030797,0.0010009,0.0002744
0.10004,0.0093586,0.0099799,0.0028851,0.010868,0.0031427,0.0010027,0.00028678
0.10024,0.009459,0.0099387,0.002802,0.010891,0.003117,0.001011,0.00029516
0.10007,0.0095192,0.010069,0.0028847,0.010819,0.0031602,0.0010128,0.0002954
0.10016,0.0091025,0.010037,0.0028744,0.010986,0.003041,0.00099635,0.00027822
0.10058,0.0094544,0.01004,0.0029303,0.010799,0.0030312,0.00099818,0.00026951
0.09959,0.0099094,0.0098915,0.0028348,0.010955,0.0032453,0.0010173,0.00031927
0.10016,0.0094081,0.0099344,0.0027568,0.010855,0.0032471,0.0010046,0.00028582
0.1004,0.0095433,0.0099536,0.0029298,0.010977,0.0030972,0.00099636,0.00027609
0.099594,0.0093838,0.0099945,0.0027627,0.010787,0.0030884,0.00099636,0.00027405
